10712607014123911
118005828419984
12840158707161274
18757639286384873
2019449432639594
20789606562681728
24907784641855842
30507739597192201
30762816122316539
31787507070992420
34074071043606558
37120336886630649
37828981835497620
40126421241992147
40374861063260484
40422084765096890
40473515538481093
41549354947422432
42799209630949274
43358402418932595
43664630566988630
46918165794045813
52497713622747990
53059909885484371
59641261891847088
61483657213051835
62069100905581368
6328167131743522
63507121552152989
66219723709595228
67261627618765635
70515583859928047
71779402170497603
7670135462634715
8961366473557410
31230051169165044
31389079379596565
59345957997866018
71051000490303906
7303159018400817
8456220681927384
