10063040211859748
11285885633824855
11427939669935844
13327012090180555
13666407494621646
14230681955555738
15451317146134956
16578517055478811
18007109712724189
1825060609227181
20119181940051841
22002589755112021
22839330962768817
23609214278467198
24651394045981418
24744049494761785
26458514535443899
27639047710974505
28788598290160782
30215634246748564
30430907997908005
31248540252187559
32112121249636248
32941062994509455
33887145736684266
33923981945674722
34472339105893593
34581754264880199
37222720235819361
37920364612147195
38713440086361985
3927545069816217
40912525017440979
41286608288791633
4170494561477386
41746336706469006
4216536645718658
42705920381780437
43443105991896600
45452221088910484
47041908051542008
48818952524587858
49531112577387255
49782064767608295
50094941173290382
50139638026536387
51285326016186930
55761294311886451
58789178087946067
58852293795036597
62235397452612911
62575434414985179
6279426571085158
62845384302495432
63514093298304639
63886404454477678
64942549055019553
65023851436340574
65473703162196532
65576885779918210
66036975502302203
66682662312253625
66721204145017523
67455383896188985
67522512921942106
67675656072510693
69067576215760005
70541934393301867
71672399601682259
8602793697394313
8912965520056581
9375107506435996
41350070322027412
