10458396610199724
10795723506538053
1241998328504490
12629673694762396
1438514795814416
15494954332657697
16040900750729921
16056283141617755
16582961426722208
17226661368470120
18865325633315847
19060410060488876
19828734979381742
21077182490095731
2161110547458064
23498719713662118
24869832924911721
26780282166315918
27797446447955609
30282299500988269
30977409629493496
31039212000825988
31188566503248753
31366347648583654
31379272181300633
31569200988534548
31913287805282551
33015297618582406
33527290777160784
34718633636164421
34856765062083074
35163287528816137
37073830945037165
3846143218462419
38845574746937458
39453972158399542
42670427020727409
43009306066217458
43267179898797137
44558786393585356
45205530868811305
4523009251964699
45284811973404357
45728383369147894
47101579271117172
47492157735162813
4769396408895066
48287767791629523
490987973229371
49681831162536304
50243708970398750
50264175787486822
50503654866742146
52551569846042389
52846735736632974
53251602435454519
53419976284977130
55070742656326885
55308018877404137
56344907495802692
56712769076499345
56871139881800017
57191287546444240
57728534324022361
57761388729898548
58722731270352481
59598536122397373
61265100181977543
61920683599787147
62012736978844991
62708526880913292
64659064562132185
65190029034514887
65249046611427924
66105959479616770
66818022341772870
70595828753641750
70698996132397388
7104496710718469
71076372178147339
71843282162462661
7803396484851273
8021561335311415
11540236653207133
62869646049188469
