5516102131364383
68117765376081366
69540585676934415
13243992182070788
67126881188552864
66726992874614788
22811176775480091
52792903131341205
20560887114747719
58482817740704549
62107151670661969
13281937213456378
66450490505950110
67327029014085707
55897939403232751
10120557300120078
65671173927025645
49502666250908008
31791737198597563
6131290133202745
12752224677923341
27218386411183410
27096851668435724
7300125658580126
5920901446678689
61978776664766359
675737110292645
22903901709044823
34032872653290886
43545527030854340
57944184894703821
59486059679335017
3722699128879020
22255783119783047
35669480110084448
7745894403636165
9536587154100457
14312030900097668
58931793851445922
43552974795606067
44153164692325703
3493306453706327
15726796686853780
44549439964296944
45519261544951819
1301069819790264
18401147983387689
33293588228706998
49641108336531623
12172752329504345
18027801615184692
20926459161497908
22312990497291517
59607545337891226
29122854902865456
57722642338781674
43342306308122676
57551382352708199
18599703143458101
58810336532668771
40611478183231802
70883594945615893
27952969918967492
46801030346547943
50100062518826135
17939384202383793
24785665268004766
30974710508383145
71068313834275501
28328710198554144
64358061873294912
22086876724551482
54419429862704331
64341992373049080
23557166059925779
37204371816016200
42387718866026650
46982154647719707
4373573287489723
7183333492448248
47333458678352378
31024260997481994
33603212156438463
69817338460284329
25357135030606405
34557241988629814
7457232989848872
28328083629154916
52932092555708556
23353689102956991
42599305106713939
48753732042176709
39610074039667804
5987841496184505
34641719089573667
34213522001938649
30650426998863332
2400322364771558
65414507129586385
54277068923045214
18883380772506226
48010225447410247
5305844922895340
40553302624764543
8977369674477111
4585123877892473
27276541005386425
40411537531154482
60350996279289099
2764484093230806
23086515493897579
15521712617204216
20865316761157979
39884565732277052
48287670503317419
23374429962331387
71571639927013317
42075223783409640
18093681647131179
44967158778304588
63363116407864462
42226702882503707
63830424809501048
47302318535715632
10114441830266109
28431095903407567
28809886765682162
57309221039930244
13937270451301973
24079409192818584
5187018329202415
9435718550473651
9481703061634967
68909035712962732
61506294208022391
5427792638736934
11258722998911897
57273529732791251
71856634742001725
65321970913593427
43362635835198978
4507558419857064
46752599569017089
29747059672582491
57086055330734195
60247433951600827
69446612239102459
41625340598198551
65018804181564924
3623921205367364
47026464823464687
44013656953678055
6043384171800349
64843936383937546
14398278072324784
14427168056799610
43716452378323683
47377315952751604
50792786683910016
12934301228366824
19471788163911687
26997316501080743
21772258644715569
32784604551756178
33541897671561960
66772024744156373
68635710163497089
11622051128546106
611986653700161
8725363201030474
33611155027418901
45518744711972166
6478064539164167
22667016906590506
67422740056562475
30231789123900526
2254054929817435
19298748452450329
66456062140680461
21432551703060846
50247622569476338
8977441217024425
58741071099161284
11129387075131725
589599697502308
49054891736433700
61102694810476197
5866848234665627
31078457170311964
3654864906585643
27000326841257664
55254206302462116
24651304184097917
34540569618314880
42690477960659940
47749661205825616
2944500421562364
48990026850202503
65122215875355555
67170215467608124
33441514568901717
40808043719554948
60654872678917533
50002340308486819
25180702353416009
26316376625263940
41974758296041288
44891482026867833
26259366519412975
33931218652865616
35425587644337450
39751275523025334
60162288821230099
47996917271187218
10024128313803797
47973532381204870
54715710303837090
5054819322815158
61503062249525341
27922860956133067
69090868458637360
49353447565507376
4733285133017464
33716211077781594
5564768007356822
53449700212786324
4758266259250794
34890845654517313
12746730665870442
59461185672081215
47756003257788498
47232550823972469
5599691633622269
14744445176220774
62346804681275278
19040514831923530
32357363984168442
63917421733088077
23214828924506640
57157873359416943
26547785441834730
45895339414786358
17059960254855208
68941822863885255
25286509736208688
48261930411425125
71523986304961239
32347247706508046
4369934250728330
29758477602878557
23293437377896568
64973252728260903
14079693677610396
18568733593280948
4942127026063388
51390991364277477
35445515321658835
38547060135156069
44846320603450383
46878429508891351
39807886630843041
62786156501584862
68517032834363488
22260326095996531
29882244560576007
19060477008033661
66295665969375744
34155263282704916
60887982279284651
71290297158948749
4885314541377431
6847536925606808
7483280423474368
18303237082155264
22087269603540841
26543014712914772
35700344742885862
7235435095059069
69143674941561637
2434703913394836
20652241232631918
37614886280396031
36773155987365094
24253947487334809
5155287013753993
11403770140000603
38555056423456635
50341528161302545
15472396110662150
37389789764168256
41284516796232939
62177651435283872
29751216137877139
66094479427779162
67206358287598044
3863538898378476
54482686501491508
54676885047867737
6116572045021585
59217041815333317
64377437823895622
114312662654155
11773403764702778
56550776668133562
57875847776839336
22382156782768756
28957320033282870
57639364758870873
12387472624849835
25244329144808274
38084304113529336
45507655586782998
14916489896692147
53204330224889981
24254843881948059
60523145697836739
32525655729432562
17800036702302776
20453828618330936
28033133021443774
35424116338766901
10411249540376641
56375665074210467
35948133957468680
65883838195688438
6757220448540984
36899214178084525
46348559193224090
32855449879157103
52232388263291380
67030488744129337
40505767672724777
60610861509165508
61119174772912317
19257295292088310
27818405309895911
64619251116188373
23837844039713715
53113471126689455
34673681828119297
43966385447049549
62603302940123327
655060129740445
35366681030756042
45050389997905274
29590002988360984
27405735172634593
68488673556087148
28672095850798501
52382684379473036
22490169030401337
27368073055197638
1625149423498289
22560050433388046
18063426072758458
41122066907413786
917857106093847
33406621820337161
2589887561569709
204092872752957
61469668095573716
32678431934327184
67690708346979840
36844527173896115
46178280540110577
11964419322927535
38437201078089290
70498485598181604
40262275031537922
13227300125161435
41935584690956944
778253364357513
15259343650667588
70289374539527245
24696953498398744
41796741644273824
16405556680571453
17834623106317041
22095803731225621
3149396562827132
9098178887955847
37968028405347604
61332057061846617
30447901674051381
7395271748414592
4563413583000719
28325731560106431
41227201752535311
14073782708315535
43283802997035462
37281199178613855
29860265627578401
66142616039907394
6110133418282108
24644999329120295
37661500521100963
22787503301679573
35178706978554988
50185721305191887
62258804563636993
69171897374421261
45174198424472334
56820995669577571
43622578471330344
48511238766369097
63580313877463104
62952165421099192
20411759370751096
22275596386264204
43951910415124966
48623320733330408
49188729526980541
28253678449273505
1358190916156744
16369313804633525
25417476013479486
33892797747624170
55862580907068610
33629260529503413
10236455588057352
24085906177899789
1822787329898392
4614779520007780
12174970951705823
35796086458096255
11427387039523955
20487994977117557
49632601495766480
41048299027409941
32257753560585502
38568786927478796
65004959184388996
70934270174405743
3407806799514469
31987503418964901
35331248532537562
46741025610365786
49270349234092953
64699417405634265
8175784894140974
3492952121304423
14617104402836487
33808206014018431
4247709727327181
30719054967088301
43781018754867729
8646067353086740
13235547361447092
16959429956899455
16567465928886309
52220424531578944
25109758834306328
25336820825905643
63915926161403347
8234855558996646
30703140537034664
37284308569715577
37842793167868642
59266699437480384
13611044044646901
35964395659427029
44625249840480397
51617145873056483
64298008532791199
34177352960995234
47841327496247362
29247915161590165
14031158866706953
27308217070238237
36282416082320053
60451823714332895
59866041653103343
15039949673085566
25215182208950217
31879190587976736
26208118101986694
62404730109947970
25514780181345713
67988012428906654
22064575491803966
55127657985997520
7385624172574740
19434284481208253
23600798892801694
63380098535169030
3542690854557886
3955332316338258
21426277483799140
26824673819862694
51106317433079213
59921975187856916
66790687790437196
33854964748757477
2328862017676109
55373808401388162
66315581735594751
70219663893822560
7711282667602555
69847139870135237
22299894048845903
33938004134399485
17528249960294496
59612098290740355
39436183727126211
12490072956930435
16422980660132735
43256212620530446
3839324986781871
12329519546621752
4384288570322406
29974853866926823
62977319271289925
48241092863917835
71744682148776880
10568944722570445
48619517949257749
37631109616997982
33420285433308219
8915450910866216
15917865009187760
14957056743925737
17330546482145553
28864540805361867
65999092673039059
68863997659126807
408934423224097
20024911381434086
33783140337377394
58873907630765023
66701874099226162
17617474823279712
42129223512645122
23094395247910963
47348197320716810
71758511001096824
44850033148208596
51971068201094874
16693610252404739
24303422207378456
28320293733348826
32821908911812078
57376264268853589
12638840758449459
71510396252618330
57300230097485720
14800142337291217
39116664428676213
18004480270695404
22941065011246116
51017863148152520
23441366113375722
70474983732269112
35158826900216508
20562694899904339
4470657233334072
9698674686691945
9956888831468521
25001509088465005
5317427172344706
53999651992586159
71483646978964608
32845891587040106
15949743338644220
41781090739318251
50633804639547462
66599109405217136
30829203706095076
1050751214677134
12874072841236826
41302553376174581
21096748051392414
56324206651661881
16410724132711490
59790454174492173
7628308021169118
28291104595448527
12965822877128721
36671655475498480
60289595205403229
55201604487356053
9141577977527107
50587892784913370
28845264556937486
64155926828410021
64485827086284311
27299841173245405
22956708386610464
16553062355259729
58035444268544991
40650252484299134
71957984642204570
23269285154135003
56798822689379375
51459202425114449
53686258677793038
59470107928175959
61664227282090067
49627523909849331
60633055620418060
40043919653526083
831325835570803
17933573078185644
24807173016704795
44052047028305231
35515916857426389
12777578088653944
16673205196919832
18346219759153870
66830065858417081
50117925085549635
7503669593172728
10831074117626896
60079434631497942
22950683624908253
36995197800118822
57600064931636077
45066064863062755
15930821245168534
56574323121551263
10654052153538617
22308305646551497
12303918642491681
61298636307861167
23175320865252772
42696242981550091
55959112038778737
42049553761321495
66210395067138534
41379697187196382
63965059137798192
19954896371640204
43291783149314349
63084741752814852
29316948750916349
6433335428452486
44986797317463049
59342912854668427
71666521540545716
42470251469508137
21501758781665781
34721884030854211
63704201144621295
46830341954511303
37089148943784077
63315013743060811
69904617508102874
26882843763780650
62558705479545830
3050342257199174
28230238564334914
25211433301660888
30443839313522574
52455922800537930
23049019886587905
47702059190622416
50368344235826302
44296315953738727
50580753680043015
65006077449735228
56717416662584054
66424163876658304
24212636157410845
24662567615903665
56006915451245411
49854144784855542
11560002870991149
64707090254488560
70391097626818082
49674915481184052
44665761767777759
48780480822364410
15374483986949695
17269972595370241
53647874954005806
56429431740318486
4686607974846832
54509759694064219
54263829393913132
15962072736526551
25631699615003698
4159532151694984
16777570760181431
40965215789049777
59848307608894801
66021783818850713
45641540066710190
793710053482057
25020657188512139
56591881518499520
54369290104873523
3173544097113770
58180284328186631
31049085025064185
10055255678920880
12901875871456398
9987529074833218
41713045190742691
15282093177363578
64842837716888827
63499217872110599
27148572013604038
55979741213594029
33410001534682920
66416853783916493
17284166795866794
26025177574491991
35543935713999309
9761381741308262
49953653111442595
66127247173352975
69472361926040823
58602432837130018
66514709341259550
28251956446987982
23891830829322971
53334304751609770
52593789542874668
59839275647597021
22276798221643766
35369183060321179
61792732570093263
2318736941376687
49399017998386087
45608932669358493
4267564158935326
26212793770779783
51294484197536070
318005355896147
49129081625829210
45991797190214892
36665926415452955
28725056634066391
28113762644272931
67245068099249026
46069620491073195
44907448892538613
51106984962133628
51360499382537160
1931037287459558
56366970483082503
2135047529277416
40004508916605949
10330036767693874
25594133778259557
45095991535318929
67947571227001437
19301952996567239
62025984221455760
54175614882736013
9849411591037342
25533816569630235
17864827642652949
41807682439655536
10300962338532457
18859309381101871
23877004093930851
24468658774988316
30260310021148357
8447376524514895
49162651621689655
8685676232487546
34351217461013151
58965534586323216
33499526929207350
51800895386439522
11197678175341597
3955137492069792
15391057003393823
5673800524510300
25402505872480393
32950809689326782
34830629999739391
69797638162454732
70071965830997187
12875623153459267
41320873958869548
37777037855396713
69480067550209022
8630886912179317
11049362050312702
19516045131746880
50875058592972362
31363105429568013
64765429287577279
28360302742583339
28453556872765526
26047214884623341
43825706353339270
54620609723691643
71820158692435620
13941586995985645
24391345108289347
48273201806318227
29330575604369671
44803604983135337
55805786346373708
57179995166026944
40269928385444637
4444560651904989
43547001853447156
45903132528608196
36248702773456944
52590307304032452
33032903891884788
50657261431144350
44939446294380936
51735225291852050
9602134771230970
33170833878692431
13080756232940901
27876738240167093
2689553347704692
17598306986200313
44733989269105291
34629876214805608
55650431015498861
62071253043226093
14242922013151840
48942617893025714
57654952942460685
15608661803598271
19004539003883795
61123415570859859
15356901407830123
22067354885788211
60341948162106290
51687219190317608
29892552565122789
14433522880497810
6307517086150741
7720461694096708
45211257392047345
44263351699841112
7598121347840396
58999969923044052
42220960959093704
53540719015375371
18944852052979320
56523876503932407
47473773814426618
35396058526342479
18334800842514528
31805923413809494
6792309561698443
59365872074856298
4498565108587122
55432718039175630
21681484495821534
50463073556719050
25146366534457411
36137817800956033
5277123218667628
15803217381642642
20928147821549633
29847388303109337
38098305751929548
37205998168306974
51034820477701622
5549857188372213
12233016363485055
65546845657227865
6895693739750049
2307112671244946
37256401991342781
71258889045038620
41270845923548156
20718185517159967
58801540740529226
60172075721034081
23175363222275458
58357112825214498
13052981336564366
62484237004477356
35434372538626163
41147320470925707
43867596281844632
8546641293412808
45342698235834230
27355703143200916
2019047380665311
443880409425272
12498250607732439
67076027130284998
42428583277696593
60107691365332516
37686135123995896
60351087918505482
10293344792627622
60033765964806119
60892430618146128
52128470817755124
12640914468677503
2373514605717666
61038685850454369
2736448581569857
16697812875985850
45133566576563373
6098262643512209
58956642972709372
23078998521357223
5034870997519287
44912505069682468
47873649814057168
54685037841610208
47168887381720497
30541878254768639
45430054958562777
31346749377585309
20268769408830020
50655426686954806
69784976386315026
68508524030307113
1450502841756821
55938991037260979
68225214825273658
34223969624963817
47198482945073127
63150255536203883
22212731893111773
23460714579655189
39633075506333957
44187056333190584
13435377687930043
17052062473688851
53842081384595782
58356614538877744
67575708426874676
11180121637230678
66462952147680418
42454806331606132
24639549621965862
65748966009908417
9615049964433782
26126294839198686
63326807012916689
20450807696007580
21982492165283605
26101163974788298
53014383313133559
63617505303974529
39892378818918363
66181607721673083
10179978108591088
36040707222001656
27325037202795899
68310039013169261
3894699865003304
46744493177068249
55109311702773448
55172927562779085
63178552116864821
44695788516448603
33550426614407921
68177703063891702
36777161182288174
27369628665810210
58181925180369044
41781705691828652
31665897154579581
13840539480398913
21294020791802550
37216294451177955
62112755518938806
68383819188726105
56441765097666023
3577388800305243
30068975429100228
12253574954132925
15022360622752525
20528795995601804
6107987252549126
35999287161613688
36094172648395996
37546444729935427
62482979875800546
59884157372148365
38046508102310144
44883820260298236
34781399928061406
38206808400983052
7425829777193510
13374585544901408
71246376598133894
7898883332017315
20641710917111175
22888586915320734
26172009744645114
22835189373785873
55670203731603665
4300391363245682
61145626707534466
14238016822124618
47803059794034102
55196064891637154
13391692397871251
15179813803366234
31268708988007815
45362731402028726
71245369987343172
8199503231048929
17717604128314506
38638547701932557
55107325962003181
65105171282116087
42164466034864936
27144931868280687
42696713679287869
52492534295722070
54590213790814340
45284437689973094
8046915287596536
60976089084231272
71961858088369447
49147291134983562
41803502519297529
13308788562230031
15906563225787022
11989406092150811
68626042454281601
25557741942283323
50272806297997184
9499505005317710
64346728847449381
12973600272011594
67294227180710857
63077094525536026
22665633526004960
23066563443324401
61220616806187916
64830219968399810
40560270473690822
6503819370387370
20873934702328320
57395291357606965
21637852787679265
65399177481731892
39096909316684207
15059542538381946
16186426589262288
38733385971316750
70018241109297266
23219071099576895
20712999896921206
68951541127785176
17806219904343709
22259739918201037
64426231748432477
36087495778905641
57390183244197066
64660982701085071
56116252806979740
5645839947193307
19011259522997538
40541393377780983
33005492097180989
53927012819019802
14597935223832975
58284099885624216
71395502575917657
17390873825645119
61426968376089539
30791475602389544
42761095483257697
39781392111264783
69706833029046389
36408112396351116
31165481408345231
2327611949479229
55924039170758349
63257581642957045
30740906468810162
19838318425175578
3203898026678865
10925647990869519
46784744534299861
53400427775467639
34866726666719900
36799843836937379
53801616577617761
24455170564393447
50810926877598595
57116492839033722
44627477733206677
10240063580556346
16374922288786629
43744434426208107
50949399050647500
43631077248870478
44895110556584998
21702706902357649
62880440379813677
212813030943790
10623013976366443
37101287567963161
28893762709504404
43481364033628101
13713250061838534
64961422995450699
46778550303745262
71454109500695469
43031843174445590
63659563281091850
64728609063815494
43018132346389996
56102196744664987
70884918776822518
11447888629934248
48296011866796302
51498801962232097
30999877195114948
42266574106715818
12481307790110537
24349965416015750
48272064323194836
12246033998625213
44864801173762170
47885768161625196
5578017656695281
11069747713632889
44044099995610836
33112610851140392
71526195151123270
68441502126127118
7314449875220488
58073791086676055
63252585459649141
17402090607466366
63840171673034141
52495941518169032
56262208197643515
57302886786783094
22593055235603880
11983309826062040
56197453507265037
1957504711199141
26139739736097031
31807192222755022
5860844072616896
18208902290430498
6858820559759769
61920640590239807
35844118578356942
6018592392862311
5330753446606835
9611159709950219
2839111977611376
9321539517935723
42579170299562586
49878968258666245
66396017662099190
59652084220405985
64876969537734294
60071917460730954
37119283201095320
8825940836055699
63312090192145550
13479280895343777
15765479764164067
37084927739992754
11264923683252711
28282337865071304
31207697378885533
33855017161940695
59173364419869415
47823898514044505
17152242726911296
7066732202569428
18429058715862268
5546189815918574
21748322155021917
68430483179036142
7283034280577802
37144637111612852
51401011110048876
34267977472254211
27364639467863981
28659628629467662
20582361274361724
15315188873784084
37937353736486040
33835209234646419
43072367801777779
22562780169627631
9593423294965575
70256583136119703
31719394246009809
60683401498216789
59053788365153258
62706537295223810
58205150967993137
44930336305163307
7252402972128826
62545234346310061
35063443424925570
17259044115154109
586491901666894
9054341952935325
25428201509783564
43060893718114997
63801128728404765
53600413962323329
12519584387136235
61001573779026834
24081987683073626
55570877985232864
37193683395157439
53921749211918223
31095678239830771
61901185759335923
25627883878339957
44746466714558411
43993061931423986
6447039482863821
21399321171626697
32898051322311438
20832448469300867
35440487541171899
72038538049798729
58986712224988931
40514101070912572
44335192770786853
20714005587243789
58540112991602973
26858182565910646
25484090551131549
23713521382576170
34363333999854225
61793104499412638
67819728378620363
18856170731089286
23929239557533164
42502478553216954
32713034092295470
59255875368169908
3096695739457261
68729443192566380
59186190709436722
4986204783798943
23899048081677905
56001720747583199
3153676092806013
16901032841001616
49953628656743833
63954932137715985
15301944070927383
19307336226577792
50261340496044025
8651087628883668
246731302445343
60520203431640222
54932699248875351
52657655343232564
60943696612957681
62195326705007487
20982068327048956
18427762265370668
66690887631482998
29106629109078948
59497826968278925
65406291381818381
56202440219436177
65832761372147116
39179418830850399
70579256242569116
27824209935208921
39781323140878659
61781196748550606
23789045339123107
41835989321918687
47271562350453486
48737056988901387
26887772385741339
21871912215361569
18932947184239984
71572321619874741
4861030824114160
25915157642663566
65355807929780673
44592283833755611
42714041791014111
602489452405815
65819831102781573
7427554267312707
15097285785333340
70135830487341743
35018542948050617
53253716974223997
31847033820577488
40322045718363633
50308500513002129
65372292652821421
58793561120285725
55134412359801349
13696358621314311
67598798241478361
14321736670946522
57872890701964378
39885584725613960
6351530060297068
36296433242929692
36668637310121999
22525169197380741
8002401539820789
14683346605003802
61028499016545645
57732453404815619
50005272385634411
71240641083740875
59830165133023734
29524645025892437
13698940358107915
28796272745446743
51915768340207883
13280059067222554
19919933319570637
5123583857823981
55295950939987133
17581041807535519
9160994028104773
47940373643972001
58067951632419927
31598086778389459
56847284194387389
46370293516922446
28134183540210097
36726083584018837
41006489619247758
55523875062703618
60959530967223447
1465273982000919
30049408781228779
64374440582249890
10442861193731241
17471567485332391
9423501974609305
3421967895613837
61410696001239625
71599364676127084
16050752465672955
60461200255721548
49420462304264138
19364184497138155
22941619785014817
71830133464995597
3823194461348537
42790882508227710
68415220227020906
25942596643141982
10470060408403334
10394590057252009
51908032044718402
34289388350386575
64370670707590278
35723080256448183
29372596075146659
48784509286749098
43162766569359867
10207638200595597
5874876687939203
66144301291351176
23292249689357321
43740750270204264
2777129575715917
55025104671314062
35419854389255346
59134543506821242
68520415408555047
46595963928123544
25317125901462348
31594763383686046
34778813001122982
53890108639022527
48571017638304355
19249607836949669
66141466281530356
70371439552553797
48461105422576125
26056870420922707
55981656322816926
27275294440866480
49929994185811656
39273629043000774
462511439306114
52316693132272087
39493711539600995
35725797776641796
36366081723016069
8977546485924064
58692021217146588
53665692433331038
34700065232896104
35640558846839618
55937774260676428
182702302066295
38168246283641074
52812366091089458
12525582227526921
19022474752445271
67648065467788779
69594812597908203
54777823597795578
41967678214493836
12140836475902871
22408863112574399
11644709876821200
44569976964348980
45923973684168744
49404926033417360
33798626784516550
20030229137526733
37317832668054925
50065330071330817
43672854273835797
51865878676924190
63148282124622161
33411193564912165
32459066854854034
62160108647589239
20106451850019392
16633009706610566
36334066564614920
3318455018208105
18794002843292212
22621962253579903
13078852384467034
33716607735788460
44027199315084408
71317533470448956
14199079273518714
2444114104367344
24907171047313339
4063338812823272
21246905858009029
11165063313460613
15017437480342264
39047649631125944
48872516080636428
27698550223279375
20466400394387464
71608320404095338
24511833522742318
61647701166404514
1070295196437436
71392858931165036
67523945291052803
17296383607246127
52666732856097095
9480793416034563
23630793225387653
38771875330497279
64281296575520022
28285735801930795
69669494041532807
43006233117860842
1626070443672368
18187888274072461
11784527170219569
15392572018940572
22961053596741193
69097438689840015
32235862931822149
63225794980702118
32560155292471214
69284485188716910
46368466151358817
44259445235228880
10343838905893940
58356645294663015
27426244104000157
50528179041860298
6336857787815747
71928382374867279
37727738489645324
28593283958292814
24110912876572139
56118062425068298
37283495680623981
31654145838369674
43890212709352983
29906960397157964
17743891123136940
18463021421796634
22364652928766338
21130719532194284
694876737904494
49391332196723632
41975999151610834
31343487511432908
38318378182711628
33179266130252866
42000024933198715
34682037806838294
29800854003112510
1035738517043218
59223467724202039
71753736394662102
28777440281206190
42170824953993591
60470930952080156
46719405425888137
10027903950221066
20914944659379998
71899594382008403
39944923670890954
64488816870366268
23916714388115189
7090564281763067
14202574010678518
40313334544146810
3091400585380749
65276808110987182
54676456926852418
47233967335882926
55678227435986086
28120535187545323
18957702006103745
26459831580648779
10446993818069926
20863411851400558
62908997424646068
19886508772144727
35534457348764371
17916144169578248
43098378767533652
61511903639332538
24323013195005012
20199407602576633
4685099206025179
6624489450717588
34033416259152779
4073840143816212
29743761078726553
36197419321024435
3530438925633862
1937915532710988
31989054310403862
47993669950999042
576045837758243
21152780614378354
20150468806738159
15896186278321240
18794200601794224
35825742297556141
64775218059724338
67822555484063465
28216975679698766
34174767448021673
8759745659614424
36469931021669531
37379831364545619
894556121680619
30977931798748857
48700333041047921
28998897785677371
21325444672906561
51958987788029958
23478495297856214
56987012973625233
49122435482801108
63508063981913905
71277583664094101
5471117837184624
28687525453904666
14240380985726247
5626645183325220
21214526831368890
58580931791158926
16954872303370450
53901402959861113
28692049899737371
59352463012734916
2764140529462078
2342592082244627
27531922992092845
41149131765256091
24984719273836110
30295503682709994
31968423529974841
37335752741808792
41685407611769462
20864445201965428
25978363795639504
52896554785748872
60907136101359793
1392972805308023
25172968489424540
10838522570008430
5655700277336171
28385325413877215
36743495055058943
19622181076810168
57726790505874080
52663855083077371
34607613105425993
16446429300710436
63587611855292966
71132816875339319
50604061482051233
17870271585352633
30296757732947579
403258416905572
53582071153498315
4050253200229541
33429680359062807
56178145953183495
61482027495680022
11082287024623118
35624455076157327
754902165527581
30434443164649540
36971843342956947
15143619440336918
45215766326564227
71279137577019512
24400997791742671
50319664729275113
10681933834746067
32744787804638143
58147428940428472
3706471887818869
42058774306020703
36699942856592400
43104123909554601
66612146502424314
68143553823181701
28654184147154677
40461781961747411
50082494407240084
13145662659856392
18989802015045525
59801214572428108
10804052194239799
5213127485408256
35305536434214502
44327387086740072
49186165581602746
24694636035498335
3712399253647182
38592436681130953
1001049710503616
36265638997303371
64922609916761117
66419418668719647
25651202059163868
15213229301234805
2768734063816533
27582614537943970
30542157581347833
11103452956718086
2031161265967722
8565304541257966
23056237132476599
37511170749498115
69044316878025911
52215676267445853
7762954983350068
70344223605670988
30625366473802976
70048876469920449
1107191665510357
38520388255575087
29697599595233963
59570311214663321
56163859825323624
31283132851095102
31803892283815264
28956673463290061
28604683729921275
67502623798236430
18255221331267490
58891888190090002
20328433547365196
23728284039017317
32831341812462657
1438423379511415
3700805912415842
71022955211894677
29622552127767363
4874034163005197
69054976338895402
19047826990288845
23102658300970750
42677038072111700
6724189033460300
11124297400760734
30246845365526695
38111598440133154
45458510517533307
55870277116831530
35421238681855884
14597693539542511
58728713117947173
37135638422269326
16993056085970386
37361882925138509
39996075528315604
12868498897087886
10929877206719532
5808354350817828
53516540180374597
16519604630071042
24935019516770282
14299659111671738
70312255854327459
54155185899026609
20480966704623430
23596850060387685
31553446851692788
47479082669769880
51722798271759589
10642323311080733
57757290445185384
29568141227525319
40998085956313184
35482384160352013
44946476001734509
29453758182808512
26216595563501070
62186472070926380
49551428574128329
67921325170846692
51845417776238018
43387689732702554
51804894149158139
3923684351155028
69799256670220216
15080193718180487
20714752828896871
55962049334160197
36030981754522898
65251952838709388
21635750289504798
7481262151554031
31768680936383246
61459567825266086
9494299199890022
21919172131509896
67286066446232901
66142393460281065
25602242815730614
44790434236200759
4338178625659981
23224323861252905
14517359984398294
58121735589009164
46270383658911363
33858986069531521
52480146597403781
23781816188753391
58511757217415506
43188000517304567
71711694598984496
42614538779315825
1028936911998592
10599003747208869
24112077147069752
15061412442430746
30143947520954254
14713371020184157
70417875435825239
3380782219384010
22019342383751591
16284459848676650
5892113224829006
63670521422468979
44323327822218341
38754970251258059
55662054798696019
29763673956849795
3564274753868284
60057772184313157
66678546736678513
66165865520327124
39940334165866575
62287727281637807
64248414638683300
28449430398277071
11588681357578981
71735299190391818
60106517014835818
25447651702005758
32890925432566787
66464678977674763
20556558325902679
674025357176538
8147065608809104
59422917435216376
16653167044320639
71385655358649890
52942894262023508
35768100007090123
11396006868905508
13630091072572067
3802810418013279
46197214945258756
60825929812855818
3432321331029950
42452913630954023
39575513923041520
33764463659186289
70303895388217246
40379264055404937
6934693646429750
60111120943433294
25001103359099851
10242755664691992
1986621457938767
45315040134862365
63097888367339357
14732757416991570
5458901235872753
8297784013890530
38250664975134829
12175894808791453
9680050449453204
24863561786623768
12931512480217426
61342759076692067
65596500698572663
59684677543703302
8987000899498569
31086031731349214
21566521792343277
10140822959907873
70587546680014046
997816250035151
8180249144423015
54367998155527604
26229353118575861
7584332938489231
1225229437135360
58463273855918593
67676273574325149
21558461682270387
62497592182776083
14770775896009544
60629769038060949
25051879375405059
16730669113595734
9946022257792496
64208620623899119
50251135305824731
53576630749891511
45072004043727679
52934661814275389
36130888529057843
13935343425236808
61986712421181347
57596263355055386
57717045818399277
10087961559550739
33982498863115251
21729128831258569
54318032593846194
40351023851764415
64400145226320894
26347717305536959
22565799486434295
27413733369550657
51833911424967789
20925114353094365
33718703359225833
67004926537522535
18222294923869563
40927982640561671
4866161128171862
66160038852798973
45778829997031072
52008130656343901
46155420071994063
37227533442624498
7073750902869360
50743178800983686
3943449186865126
42004889048061553
62640664444181253
27341412460256381
5010321483162649
55871900298055114
37041304875017767
71680398055728576
71343919203482447
68854706206883299
28349267128365727
5915744569797372
58988245859712667
28564023235553718
47843350919050439
57255502230505991
22726600595755790
11076292012297547
54457831639068674
60906825559150716
23908002316182996
63912974127442098
10851850449978764
64011507951310110
24072115088850893
68687287630276844
8300014397509244
43487183991798420
59309737020852390
37189910644659395
51576552947626094
20743799069272670
52934950451413862
51391891668129932
37722761304209636
47030392000058127
17803047423070555
18899807440876448
55956447028558187
49720704030524646
53141931227527207
69940945659529006
5495890314096687
18555155821624221
31247028207865540
41773522842786983
58359859624734946
5441778491627865
44112900020010958
20436089125444823
9646616386024063
13553870282546383
29428654762894199
9369162051245822
63755611946411880
37943802406936493
4043814214833381
7039752946332307
25255696447119673
65108258995047453
60884621155141729
29232499651276993
27023940123699466
36439171450996201
63790747610629840
9815508512706452
33027610492773558
33076444364651560
47959994268037219
22341376977803048
62684311751730072
52533665620966212
33770916692692142
8149756035803836
13114620717385305
17087329400164194
17992592988297050
10187134853841785
52372243978454001
61460569359192234
57318890327898289
35269798099406589
15085115250679244
62715051618546752
45250452107894273
10361455919103748
67878050407680847
17730319689949471
8858703483361290
47941500545581800
20138194959266196
35379336611291267
49153692178074541
54763483748007412
13654841695679138
32644287357310146
19007349436163077
35609126546570131
70713180173429972
64748110612660202
15665534124709069
65212551843992873
69410065542507947
43145092974593302
58054908878860268
45676206468878324
3494152874805615
34051146899235872
67949832262030027
66784800219555818
67825462786951514
41394352213532189
754176112598590
11130239608751847
60246108819433871
46283868747880851
33985348942214404
15230750249081936
43064382768053157
48555069387414382
26612733004445617
41160324576642624
55586511656973720
44881686885956506
32151249251971529
66172788203561413
31308015299537320
59805935199118223
2925245173168874
31225267293261574
4676455497826780
7168609506961662
34581754264880199
71516048161401340
45928267225042656
29884261753438378
54162468776731366
15487893727121756
25127501722065703
36657164096233359
64968461315419199
32941062994509455
37028614515926436
57233073645766428
30501058473529647
34539190646780083
66105959479616770
10145129193828624
30977409629493496
70766443960930830
60101871910248487
30762816122316539
68203878405672734
24651394045981418
27639047710974505
7986085538173433
4216536645718658
40047937479962921
49531112577387255
59713328419002402
70698996132397388
53254637903825194
41286608288791633
45452221088910484
42705920381780437
30430907997908005
64701620739344512
23609214278467198
31366347648583654
15451317146134956
51285326016186930
36273975537785965
37222720235819361
52846735736632974
40473515538481093
61265100181977543
46918165794045813
11285885633824855
70515583859928047
7104496710718469
65023851436340574
53419976284977130
70541934393301867
50503654866742146
45728383369147894
18865325633315847
47492157735162813
43443105991896600
30215634246748564
42799209630949274
12629673694762396
37073830945037165
66036975502302203
56871139881800017
38713440086361985
65249046611427924
16056283141617755
14230681955555738
53145304508578701
70595828753641750
39453972158399542
28551661889797217
24907784641855842
44604318643489231
62069100905581368
10458396610199724
64942549055019553
7681671915916933
17226661368470120
37828981835497620
34718633636164421
6328167131743522
53251602435454519
10795723506538053
67261627618765635
15494954332657697
62235397452612911
64216772923447100
67675656072510693
3846143218462419
17914401175772326
1438514795814416
26458514535443899
16578517055478811
58965710006903807
27812005859539773
48970598895465763
26547362091465395
63888998422355039
62759442085568465
18919451747622263
57585821705408565
50327032825856228
38732168937429122
21857004538045335
15570388412235102
48818952524587858
27510897859289217
65057395525025408
10263462800402379
10368700486623325
60996557641329487
37410990525917550
52806889703092757
36847745437379950
42662558291119602
1825060609227181
9375107506435996
32112121249636248
48702596863145683
15523124393768133
67858991327059184
57728534324022361
45333947259496713
4580070394108829
2720244987297601
71672399601682259
7670135462634715
63514093298304639
61218005473404311
29823003612377000
24198960406596014
22002589755112021
61483657213051835
63886404454477678
59598536122397373
70814539916874907
36592972482259020
3927545069816217
68939583331837015
67522512921942106
53059909885484371
490987973229371
44558786393585356
6669895329401799
67627153231395571
16128056659300776
30423700781527626
62575434414985179
5051727550286539
28788598290160782
62845384302495432
41746336706469006
22839330962768817
40912525017440979
38356837895042988
30507739597192201
52551569846042389
13666407494621646
58852293795036597
41674555503081813
41549354947422432
49681831162536304
15432794844050822
66220730726109607
31248540252187559
34856765062083074
21077182490095731
66721204145017523
48287767791629523
50139638026536387
50094941173290382
24869832924911721
65576885779918210
37118058361762279
18007109712724189
8021561335311415
70814244102598215
55308018877404137
43358402418932595
64659064562132185
47101579271117172
57761388729898548
45284811973404357
42670427020727409
58789178087946067
62012736978844991
58722731270352481
43664630566988630
56344907495802692
31913287805282551
31188566503248753
971068957336171
27797446447955609
55070742656326885
33015297618582406
18757639286384873
40422084765096890
55376739611383226
16040900750729921
62708526880913292
50264175787486822
69067576215760005
1241998328504490
4523009251964699
2019449432639594
33527290777160784
43009306066217458
71076372178147339
2161110547458064
8961366473557410
67141987086032267
67717913151786055
19828734979381742
35163287528816137
26780282166315918
47041908051542008
19060410060488876
11427939669935844
43267179898797137
66682662312253625
30282299500988269
45205530868811305
71843282162462661
66818022341772870
47125023640770480
33887145736684266
35831329532779850
23498719713662118
31569200988534548
31039212000825988
41927452991671109
71945594172117613
44215112373339904
68285083509815728
67269004688649567
24634634008171593
19275594209412785
35757908588761589
51200575796028449
4626686276232042
33144542989832366
12913156843322499
33254899395816171
9089296888187061
12390706505809150
30582275818828857
38544104313215500
28374437855144739
58514988269776425
25559236668122210
32469128621155736
46700660505281786
34144395039913458
279046774105580
28119534882897713
13191051508594726
31447590411939048
45317029711987439
41860217729878008
15367889471263800
23831478970549876
16255851958781005
17364413299872861
7727990439839754
23953330328814336
29913990095177623
71665335194832281
49608410499022390
37997914552081987
50941758215965307
60094874682786288
68881802812375814
4139588689414043
18551920564719269
21151521338993760
53166825580151724
71448561759885455
37160087667638961
39587043114049835
51767539683656842
55459988611376248
64352308103866382
1185549032856396
68063545647106529
63624670675689374
7379099626007253
43246701821272923
62180931969029505
20946530370469828
23838634016123354
34621618468546063
11278802993290837
34454945407422432
24018878640527909
67059303301834130
42354736493447489
52975109254504632
3823243780502959
11640540339380126
36608426654628266
19839750988634567
15826229869421585
70849059438036431
13279867471688540
20253580805051293
67965884006655065
20034264486679145
57100097091423436
9211775239375291
33683240001985963
40241078769533838
27361263980884014
14733297998516697
22215980602177059
21758758306221606
6506179926371994
23742726069035026
25165947991415904
5938543336901420
36570049864997361
62422436072345198
55761337960556026
6274378166234446
53205017282866644
60021765857012878
26785345607979150
29915504190030439
7727396367939916
67422066034966650
18865378787186640
43685510232615301
46772701938567445
36531083140502478
26787658273107220
50732326426469382
48149300900903755
28987829009893424
60061422939859083
9049928781611298
44802346787824971
31892548539456357
49831372632909204
17001700431164407
49244604018250364
29242941150825379
23843877872814145
29527985620948695
12329915567896606
13196430375349226
10411612959317157
33736447482634583
59915902185156694
45392752356003555
57219771314070546
18356933039391862
71492985674836424
21607242972640064
26711011601058186
37114514127305200
50357669250352454
63726643062235454
40394021371311628
34066377223628725
22742134293057021
4795530891409462
36224343915714474
42256988946157416
36711205224776612
16663779781503749
38196133309450513
24131253368329756
66643284949247248
71499289762741257
6787397679438294
60938976068667707
58097053240000607
21940781391333638
56240779529754100
29966743195510975
49352183672372403
14522053794333421
42473759412340389
18918866105569545
40025799067544201
38179358042686391
68994573424108746
8590994832698963
347802782032969
55289848471625247
10951638477349836
38628771709301941
65663173216130783
47797676603278665
5060317117883146
63481599728522324
28854105556435129
30507152381699953
9602593150636254
28255729477187163
6362118829011821
30895446582685604
6237807001018762
61805666737517582
68376789401977331
64795751499397128
63946543522627720
56987424987755487
44028240495188776
65473703162196532
65640021232361587
65190029034514887
13327012090180555
41350070322027412
63614644261600196
49782064767608295
61920683599787147
48240748007949910
7803396484851273
67455383896188985
64819278905724553
118005828419984
10712607014123911
40126421241992147
66219723709595228
33903462343209810
7303159018400817
8890187633205068
10063040211859748
52212777017950879
64829187602318351
15519769256883158
27849713918268133
55537729602532087
68432348554443792
54047851116381400
16888365520630451
69081464170052337
8912965520056581
24854455175613815
63926091058479942
8336106940667502
71779402170497603
20840006952727739
33923981945674722
8602793697394313
59641261891847088
34074071043606558
40374861063260484
51354976404265922
52497713622747990
19452192920639600
4769396408895066
50358563627438461
68663404861394640
27025263421446871
57191287546444240
56945113385142732
45292762906823004
39166407214188081
28821924874210595
3786026493546675
4170494561477386
48932793456289874
31787507070992420
42927746927909254
34728319594918952
38845574746937458
34124591205336573
50243708970398750
16582961426722208
31379272181300633
2696258159590598
47057041229157097
15090491830692116
7907432614475432
42161133206079622
3649539391793423
71764207924749847
5207880034707287
70603656496595245
14825677919842501
5128151910501174
54493234408301135
70270965300262393
68644622102682218
47563321799863211
8608319995127954
67129354454658944
50011948410571353
56802926348928053
49274298768587238
43913530989262989
31959715133485440
19348717261145458
36904278221198019
14231831499205396
4528607775462304
61310599391543522
10171945867136336
62545102969463519
59800986739603675
7505990056227818
43450146028916610
11432067920374603
43374709930371268
50652985928800943
53350307353645375
55570047443993976
19074684560939209
48628570391754652
59522975635235187
26014913469567886
52587750999094180
25079426576214829
22645269567765904
39481233087768672
69454539056549106
48517714910707769
45062188442385800
22427604495160869
35872887407980465
383529400851043
43062880954780884
70309338813767186
30765727085936322
20966291817819448
5286237676293152
58462435595049907
28147934478934110
18661507395759423
57875443489062661
72044846109864381
65490886290565185
23936607891892333
43023243844297350
10843114830116591
65378630011538741
24653108506137885
67213778593531096
11326461864120062
28450080638096732
67868738676326187
65413691615306869
59298620432746358
53463652379781502
70698197503236949
11273669187884551
11072322261418930
17880257387458062
48346020683225389
32182002841162942
18623561935932625
485173041319862
50983346180251408
10367678011039964
8252375232844028
37680244836461090
11540236653207133
15001802434062073
963036384454029
2070747815026363
55278628734339591
16559249748626171
10676745618053177
2961921949155311
30863391133445741
42110622288902529
17420968011268181
17788850819629052
35403507720005739
33047882709760588
37929337536723057
3697409100277483
4655618889735545
33028974738810665
33810527554748543
67520115069510741
59531912674584496
19011582836511713
25976262889301725
11196137945804965
36542967680725156
48372324540737204
42772247535381038
16220177695539586
13522330449796582
1920432086136191
3198864332047669
26279026070843202
36723668598911042
12115612317097190
52457061356190034
36179956799609366
1686009343785022
3142014919672322
54849880560108287
41107700618374968
56230546922952834
27046639189850625
40183769223876287
37364270905154610
2504649394246262
58862065108940516
66031685566631888
7560011488162457
491257203162620
65918477608862236
67105969937701384
15755332359422310
23230890101904092
2207525875102563
63313898112387005
56674697019625684
47990907010207881
6044711847147870
53913154558244335
58726205710881050
45856319415880636
36752667923388583
40475868914083932
40158509480150999
15139614328918930
27246393696466444
31182254472168048
59477879543449711
25019441959022027
11444544532932858
36126780817615399
30210167343382416
29039399132144303
29350368322556235
63766511191084241
52027797317146104
36883758063639563
9218503790215966
2057991610267971
54658981212190634
12724279817407210
1045459295874171
643036005369217
53276105370044036
26237751258322432
1072594867110612
59783793505039620
71855053116585906
51799607585806880
24148256094066089
62929211353278425
8524937055422928
49579773578382562
28735189906248428
2856551066420935
48682553966909258
58104390345972912
67734959435687020
60428022376805343
24944682177936945
27883197679035468
71963145292567087
63956090168648960
64513711037687311
44895896646672944
7824762572915144
38187189116529877
24060114264386186
61903519488997646
68509462045282835
68696813181796274
47721135229359235
32000546295435383
49265987478056943
6909772749489971
24138655695047559
19786287369819846
45888844789735282
3227273770068398
34509234031352997
68239049363713147
69559202610870699
21717746919880086
36259547857801927
33211529028073723
23118025196114187
40383001516337984
54381542514090476
43157535994579697
36821829744824542
53013068094176677
42785364079179005
50586946326510190
11207358714695236
27031122233401904
10304951535800727
36793980827689170
48470217067843282
4179394008695146
34167394837806871
28826630420810456
33057620787402790
48084373627148530
29475929322220087
50392623621072165
56205358614774486
50988089000729322
51179854277040375
44000606220558862
27760741562405506
18113433206185756
11395064553799378
52099592590724390
36422205216935947
9137194262329345
34471492188103679
31803293240930484
51100326078673827
21067440157107469
16188964984095521
67241314565187281
42397413804921228
42302130868832767
52307405889089677
44120597760534792
26588046935809061
34291125127779058
14831006694270827
38231820869520516
16587604053355963
42411665827646069
55307882030886309
45364487888070930
48834480636407281
57697110119730789
18042882464403658
57203604415997159
8249155153821429
58553439181749195
53721861836554525
3408779376464687
16801877940587516
45056678392355624
39658137912313300
34558075052152285
8119721652868716
51933218805145693
49139246713520471
44226840482999338
42264687398573418
3448185689941138
26446433903531190
69249615977892671
55293653048412056
56700735527301188
54961647113077794
60998573306106286
49754377795789661
39685174467092643
26965310359932294
40133160213908490
52848850067558105
64076883004896442
34993879938962824
21734903588220064
32040315154744902
63533750783421867
20388444310342192
57824652043323866
20453367592796814
17127572441334115
47921921011047917
3043327685121279
5620033357941186
25084218684503320
48400779365538155
63253990081362818
14801147907778613
10011525763621370
37185438971254992
40989959812260142
62889928673972378
71541742051828242
44935223652831783
31654967541649249
6228748279645004
66280567033393341
57358825287897736
34184402918205700
14424170596026097
18401679138266300
4440864837380985
53862514570611724
21532793133981022
60877621236522708
16833251667140621
12072761234169210
56066150965714747
35321507575497255
51630382120807749
63690012784696558
28165110810720361
14769636091932507
16562669316304823
25530528343636044
68676613985903889
43477421333577707
32418462771760390
29320332532562999
51012877848984618
64832562298578102
13111366684024228
44469794892572999
9662190768301693
29832136704112743
48493268347180339
15678918223807187
35122809669508221
21287714321079299
61226714267711069
69692285943807567
21911140930660562
13073633706349731
4230867015867110
18228831081762584
42065573985076114
41125391914831885
23570626134058455
25748659898785076
28487338863123089
62200557902174737
9375501492573452
12019360897967161
30334440909486531
43482396383190796
21567051789430259
59650639563372758
39392077715889308
33717804404335041
27947556003896444
27285426704989919
7512234448345039
50711487918690809
56430223495162148
46566352156331395
52545650255663477
3671009817441782
48364565859218854
44252230616253580
14956368603440000
67224303507759725
9945315409697256
60840150489646261
54029380634966350
7144837484926424
27877193786110773
54624003887697929
64393069285054821
9962719510336857
5047958584393974
53502375288125174
70704254220136083
24025347979656343
53203718612052575
67170265344890405
33818618779671422
31013483343772902
46808514123864249
25952915180697831
18250776017495610
55732777083018020
64272472414989538
71246641289752332
17451539322672470
38372740854285534
37426205200747894
15942700241811592
5079252049836448
56801439891911175
313416651389530
2378413844363760
66597155891601932
34470716041073278
42560438604874074
37682019200279367
61145001499837177
13756823571135040
70833655000147292
55307951313945305
62539051044790869
23038006018499436
70269085144167093
71835168395315109
15714484421331476
15348540605554354
52967471519035823
63777652519933745
42103767434516217
30956606409320743
45105450551493237
37856744048197282
56142866004326513
39097823261037993
59874687374007375
59143251101868680
51790379317841836
43817068355492192
29744128653663531
36395857620718508
53589120001502749
67907134964633301
39099489564069372
32410440043339302
47525407296845889
40047758888733847
66491711428486525
70322804024245634
57756560824638138
22422897587494588
42745821535157783
71445265191125315
50131361108433811
28453808519798933
71336908058111934
776675143644320
71764207924749847
3649539391793423
67001879162468027
67284898443895928
67523042872777459
67565136844112635
67877193526703570
68226516795039024
68395751772211504
68825335441077096
70863404774565563
71144766337030284
71778152354413808
53266355994787
459769916585653
702805336189686
1092235732599163
1358103489429701
2442969860646214
2534599809123196
2611813896904031
3046034426082442
3126681375952409
4145354871965704
4348178169398425
4388167164871474
4692066568964652
5007943812753502
5207880034707287
5310309847915468
5760876079317650
6193331329461013
6648179624691414
6716227078431864
6823750583239716
7097011595020957
7272500625536549
7349068632276641
7458553826157554
7598117965128825
7898536218763161
8606365643784222
8898930095586153
9808673125296449
10405435784393816
11355495225595894
11438040416005406
11886450095435875
12576606730386977
14200747838918264
15030488427045614
15141158193345319
15378239836163883
15940716552373669
16483307094464191
16490256790467869
16879020860978984
18180375100728891
18421786100352494
18521619001501663
19178676453877888
19573038717455900
20433954512787310
20881453493468829
21084381376656044
21303751222790176
21516624217863432
21978503169139683
22275919747618535
22645584949602034
23143895414041736
23397261926709819
23531259372622343
23698753823254095
24192770786375212
24461898997725099
24539138655744504
24733707016789172
25103203041912494
26037401831903765
26447088726435807
26729136557176975
27308810282884088
27450772358536125
27706512031901123
27743179555293197
28390404795474767
29008627252136543
29192815134645591
30480005645186778
30751555160454709
31183887607539533
31855536820152265
32159379373778654
33072921336636407
34627237331458625
34937711092752663
34944316570855442
34967576170053089
35740057398236233
35757942675340032
36006589527243889
36283206583081967
36595551898125677
36817574734901081
37122324350938684
37266972084112206
37600296326716531
37898941451149202
38352242463812786
38862348028291837
39487894467606317
39749268579980967
39898902304157617
40069409241006350
40647927081237224
40890796615000227
41063279580237151
41515215925646653
41783384404129550
41926399572020603
42093883945911383
42161133206079622
43770154664084016
44088599625592294
44488493747835056
44799617140540037
45358904045693419
45647291484719868
45841563592843956
45898071920216728
46222570161129217
46250966373558383
46744451014478977
48068146276150069
48091089334784656
49799031447644045
49952429159834067
50443022918002976
50902768045604096
50995367168644187
51827471850690535
52247083100244165
52544205060753154
53052358058169162
53070054206999445
53139933319883155
53318761201813583
53512533669025360
54193156104833636
54297403110164582
54299558660802306
54505405858943301
54791352010765390
55036784936540446
55077928275794444
55185756279276940
55273486414822487
55843940457739031
56168536071095727
56290811058857659
56302860975737186
56757865236345758
57168458635861666
57384680280565971
57469612759591389
58170370700755129
59082940993608643
59486966588684905
60674695817101715
60773307888502361
60837444546314826
61153447915352653
61700319002405557
61862176251154374
61979281402864540
62120389585865477
62213762303517869
62331969922216971
62855082798869610
62981538395864217
63241448342765781
63499996836891743
63621554457596079
64361660713205499
68699309823684676
69275017139338976
69411140257881302
69672283749952852
69711537306324024
70223356704650920
70227402155346347
70675687152963138
70892500610272261
71085077511726402
71094859407660977
71339513737055728
71366963629288208
71957074156313560
51152245141735502
51884266582592561
52252438428345721
52896109725022924
53368007073057151
53557786130895998
54699935531725592
54774547867951437
54785892822718828
54983978038118781
55755822186886559
56066268054817875
56145602873387110
56361348071064734
57164323162144239
58052049645758640
58315199235310350
58361467573011967
58507439615231804
58851187484068201
58924240327773830
59058888103031643
59201958767741219
59435988516476016
60343226202839007
60596225561849643
61123119195350624
61223416180257225
61598445787157838
62727629293094033
62892883868056259
62959435913144777
63544308911673867
64243770210629254
65245036260950068
65532708013185183
65607234200471615
65718833905545998
65820692901516132
65969502986678909
66770089258937469
66788889034887686
66819223991761463
67484443848791135
67825281986596420
35543717179318370
35809842368353957
36068652395159397
36574107576354756
37015224525896203
37322154339697997
37930549033516175
38132544691600056
38226367917663664
38716933289500374
38835069565240973
39500728462040232
39526590876763323
39610688097570460
39844114442117479
40381745377389984
40533413426804535
40635396731382079
40638109493363803
40716201529428601
41246084744494979
41413574249379865
41512192903100010
42391468952892049
42578552054220756
43009926085725977
43013317830228259
43239061221216515
43375329136140464
43747344268510998
44282017274996133
44523263706941191
44866471675053981
45048055729279817
47324040756871557
48384822609168644
48518664226676698
48644389353328698
50071284391589412
50343632697740386
51053128998430356
18303340711222630
18666949157999782
18933447536089081
19688665246174002
19798449405453143
20462177877122975
20493461221047096
20983480542248221
21858870480483593
21873088463486217
22551375341508398
23302471992637132
23632362635555914
24238378016488865
24966953869650081
25231734409069475
25355438057820087
25387402015564527
25668031314277532
26119722911682958
26883827168637800
27922993916310103
28659486731864926
28985527289585093
29402139125444034
30735600948436629
30841303544775936
31183059633099205
31362618939882004
31745417202626349
31851955277612458
31888825486469893
32427484267950864
32724825691613979
32811444356364549
33124974129766292
33959473709802987
366358989113413
823318503913871
946063329188055
1316367748317604
2490583367368706
2542081818596783
4226384580896670
4234488599493950
4352700281508704
5461728649969814
7289360616560476
7720099293856325
7807623036625163
7927402189142737
8406189394414620
8683700730550233
8808159743811193
9035241889813189
9345835214033940
9642362745029473
10422049448267512
10592615296589795
10601080274809385
10675157206361738
10833367052571774
10866902265653616
11359668780659612
11799377479537411
12219744475921208
12322392377992302
12362657578082923
12381782588471979
12437057723435474
12618302151418567
12665178472258984
12724136059748935
12829535852830153
13583662711419102
14018348663033716
14264492426233676
14863939040247059
15001802434062073
15140791737246047
15155091573828116
15442104301634639
15468833447524803
16582433255219778
44518411437843966
33704713920140016
66058377988652834
23315207808932593
35768817194806285
26533348285673199
19094300242613496
26974334771759006
33772057830254867
3468675812444505
65701508079828367
57765576190643935
19056803558392634
62105274676243389
1949204244585037
41869475944317605
22757436665982402
72009902047561531
7572331561761887
7859004108449517
8806735452653665
9968424121893827
18683857978591001
43350523882721890
46881643995670886
50115354783133932
51118416021000524
51213955302306290
60806024151573659
61235014080111444
62820195665677248
66617955359384218
67648127546343952
36304327530785996
37495609713431639
43822085951366467
45332066313998212
19066875433112679
27268962522877692
30399385558793598
31442650920506661
4929586673443441
5304002000332741
9739038927249901
69815448045897954
21239174636225939
14681622277387008
43086350705433417
11509608556428364
37919226040267077
5390279687116085
10734921679392413
28533630731216567
29210810985982263
66126997200570316
56514050816414207
48775963134141500
68901617655984412
35524536154538932
6111502080896643
69001692260042370
42294897669899011
39746150041928231
19231626494985250
24501134451092834
30612706897672618
49507913027639355
39396740484851149
62787057959003543
61625373280973209
24121621267893572
38186256325859077
39586978715275797
68884729004866950
34021186334636809
23739534683437306
18269964653590559
1958760044129889
51963499982939366
32164090577811528
68307882302793361
55168520854734020
3531257102355586
7211959774144205
53035464005176539
20060757780886190
32424210326493141
34087351666055115
20913923095522845
48480535512171313
8583188702588829
71163685731317961
23986851644389216
30376610192173639
52724937817693321
23277001156014098
5199069300082229
64701865438865760
33118139192189984
40319637196474925
31567470897192569
15097105770253428
23526710424782589
49469267108832584
47226544754568705
29735269710058172
20817798071011819
41110955154732379
36045863154442839
38794725272385802
11832918107994686
664374937120408
53623486949556405
46957043906880672
14113564471228977
9345079664673699
60556865648950588
47937441700481695
37528670489324605
33071785947122173
26532937176925325
70079501608759357
58217304769606123
18520398324860358
8619847160674150
2006074271253221
12686827944668059
35625561930464727
35924265746596408
19854163539834774
15477478504994796
47424564311247264
59859113071489560
50644017116483121
23113201855959354
65684203849355631
69515512968487507
69976173251462751
2615525725864749
4196785430834994
4536803715452629
9032485438089143
10205782642855051
10732067626093965
15684810652619708
16936058791774317
18649401029881105
18715599755651519
21194171111224766
26089908664459560
27149011888980507
27208729693035242
27767730009383380
28616328293563922
29167084828194890
30412161273861952
31557063494114988
31851857610568699
34365849214828905
40373787473959645
42642323751904986
45788258161107378
49913414300636421
50361929528481855
51984372401217058
53531954456754479
53558854330119595
54313700063424809
55395954784755284
58126793097439132
59901689762421521
60570857102124903
61530646087622015
64382695917432896
53332729972033094
55398354521742868
55714603387952710
58066267442470102
64235177168494235
66843237292701936
35715614774851774
37563857430894599
39268191188132549
39876442680215317
40545739523710503
45327187114437184
47070377852765845
47390158628412548
47589336914866044
48247663270259684
48619572941868499
48701888408695592
50695658640676617
17546762202531535
19055755640861164
19860149407795126
20632012250289506
23099958054904555
23265263219334689
24487344987245978
26637974670263497
31504104775269661
5399202617266919
7136392143154359
7565921622755411
9301980702600629
9748480984179755
10344377984204625
10945046140153201
12446120034412217
13560790315868978
13932274401145053
15063377471717385
2961921949155311
9486531862745233
10676745618053177
44863873091772304
38365683197992532
16559249748626171
43736143155667457
64766928503728133
23685152891048349
29001695671676919
594466262666840
50051041814370921
56209265710160145
60513318745394859
61240072821771098
46261414762709581
4845526947773583
32913047952034072
66911874571098208
15483104488351430
61658525819517582
38891550789000226
65041746011164862
56305730419681277
47759865355923861
3045332751462321
66402461986768649
41273737059949779
4293019651621415
32108194926868767
2074889820337108
33358818948935811
24462375614911409
10842079964548071
15975600717676019
31799921668103977
42456185230614264
1608866862825051
53824084868051766
35059595680883022
10586914890628502
40442813008582358
1118201159511202
4743368412022407
32843945759472372
8512048340245173
63365317809238879
12882891712968394
40084582966553020
17587040486094691
3030364991580271
28963548083053659
42366957773204452
44007409283469632
65138756726347262
49191956394300762
13204677029091700
24274913506790162
34426934263618947
43691378678490934
66537483384756769
18719936479799183
26663495987700993
43520545093754174
63166895067819078
47567047454123852
51583880599832689
60132317174379685
48185475593879879
15588645776727281
65740323968260606
66465995370962669
68212874228534223
2543293365709333
7636091097644905
8347214717819554
14036237385643563
16918665222068870
22059815462656308
23145792710079473
23716344246113011
34661153849279134
35561611699694323
36101891857892530
36419166778073976
37098951487444260
39017618487313310
39743961815015547
39865651139910714
47355818920053253
47770417450171860
49053584733471696
49533057499129030
51430679423832176
63700553471931025
65527394345318513
69773388793306812
71020923926211313
56780039248694869
58846576074148567
59363809205520005
61569911936064022
68161644348349222
68312200151283160
35396955523668291
37315478618227252
44351266062519147
46022862249221273
18670578469548810
24192182271454355
24320502192878804
26934850706001678
32947457244665578
33967838306473128
413338711286077
860875833727628
1366507739379068
1467935236355532
2271256876247616
4264131022612646
9222867191557937
11681252889172321
45918272792388869
13982705234364527
49224685616556167
16379954219272569
28308263441021972
14459513170480937
14124457523274845
40422296496391479
67824538543658745
25730281321738665
23274996841981969
46972668998863408
15376415947295625
56056712406674021
26035611102110215
4744608226647648
18003739769121869
67499516941719149
48053066146643709
64943638619902358
39521268413140253
11371967771738523
49913320397953364
42499920258494116
18047378917392966
56209703724052107
4288092276945866
23158437520675322
58853723158182997
50194429070482783
49494530776288743
59313552800068961
22023998433521884
34221472225737143
54524928623410140
68508297988875406
38173836408846191
37331020346919841
9206143502419810
65048958880553747
18211579468173123
56034222452116408
45215245215544663
8861422589410050
51617917073863686
16022059913503822
65155354310928333
42543857678096816
16135447735157106
70938106374261352
40909160924449589
20781644000182196
64234039344526846
57544481349529971
66198892857187205
67748056100400454
68333618166652319
71484367986987724
3727781971972331
5599385196256859
9075371200897589
13597307114613970
14545982709999566
20961044838713809
22790472332894423
23790000734239887
24380534260064697
25134873068314046
25243697904777281
29006244752776080
32947523711123720
33415722026571184
35401307069306970
36959724492338540
37236795602342355
37600281109784412
37912398245912716
38655929792634687
41134285211716321
41625780544280512
44324180660642074
44379018615952087
48267854052649622
48724270085952405
49424555074302652
51048384201265013
55383838495304366
56385224953067150
57167494836774686
59674293193243090
54116570987768986
57868914757009324
58219853900136566
68481496003310213
35581549613862868
36097136813995861
36433586045859656
38067352801295612
41636218325221493
46454516117206560
50994299855774643
20017660727457804
27388122952755648
27812031268455925
643108962698963
1388074536079108
3092929408851310
5270735372066266
9288445406790481
9711952966723751
10747371560721147
16083402787836289
59289505361994325
23477072915143239
30341026225026913
6791592930977485
66803960168830343
26274346329649120
29129461314691625
45047509313152117
45093020712856081
25155807136728023
66187941358046743
48346032281518014
70250965483808657
51336000059128323
30479692643610050
29521069905639699
52103283508271223
70360097956915388
58008338951491126
70701308982559133
22856865577363873
32611178446656970
68017894742372366
60793625902658742
9606397027877975
19117483639070190
9672558097058514
56972869709944467
20106507903499007
24653971625549731
22958764210695164
21876351065988737
3345362812742047
40441106800536276
66187537235644675
64652172898737868
38090182977003856
53138989723153243
39319617531334605
53935170162836444
17601556263779082
38056082641265989
57396977202152158
28002835396230433
11656048001940428
29644196678976211
67171156880081346
28965100715979647
61520109632344986
41481587799888922
68225473201538238
16532887820789703
62813700800675620
63909119620797183
71631653416224011
1440912146105877
1747178111431953
3906269745566617
8244636982328907
9100816355416617
17096301918942514
23443107879499386
23707924295542018
27795185730176868
30528174343769789
31494235846299644
31886705996416521
33947759266906883
34125043723790702
35033441528881827
35621429068569072
37981054641060332
40452086291329180
47100603548377452
48291305994686264
48529729648089266
49717165892836278
49937331098911197
54045644310596714
54950964778483806
54959003870526870
55717755387792940
56148671585161728
57236475018440989
57424748347586155
58040104780130759
64104824951116110
65324932833642978
70048735512147329
71819576679532151
53038281025484922
58063703457761508
59710747206135438
62655844445845656
63148686085482353
65367349947356419
67813765959647271
42669680039147676
43557027971915782
46053026980366643
50553556706360467
50571216929985872
19236903948922805
23802507524726227
28100731032835602
28627991831011362
32219215972336462
349144660749981
437938716533216
4284869988867116
6275632277983103
7097578906493277
7468665322478592
8452734780508254
13323702723918901
17048814901626564
1007241681682997
13262490031882632
26934178059033585
50286318376555
68805582216999049
12056923813144511
2693597027984982
16472547881650245
24997300099069408
638568295818907
14834646838206104
22221427790919666
37762136341102351
42373120794792860
47378767924556668
17797267499387542
30361598058914764
12429216223302913
25976262889301725
33810527554748543
37929337536723057
3697409100277483
33028974738810665
4655618889735545
67520115069510741
10327891377351317
17646385640793178
17841133759728714
21723083680239959
23655423293876120
35403507720005739
35430640141998087
48144469602720438
60159383014007954
61374561646005723
63079346869089398
68681176295173286
68977519734244737
57591740277387610
59531912674584496
64554039768172142
48252264296036262
48919102609663678
19011582836511713
24566828563368545
24858670707395956
26598717387893445
28711074415685773
33047882709760588
743084357670785
11376865495809575
13381380672928890
3960705947548743
26739934581995205
43510065154511920
63000870878446131
45492859498276136
7288593506964907
56037786511003178
29404603924700690
59921566122592197
34565769572497966
52008280618893953
57660794320031026
40458539445297339
40284719095542836
18241480550358366
47237030520706874
36678265582689926
2341804318937817
64972586939814186
39030954978392977
45431515976974411
15907773082942341
61360964723159798
36909533327250827
61325772136146224
31421280557661174
24094017646831502
3917873662388186
3703321552280941
56997523268698050
20868348288307225
53994148331766106
13141304997216006
52524791099908489
35976445147385963
63364024115019069
46094851407424762
10876937521109970
7613922198645420
12275672866342273
15483728402759041
21983744982631924
24548327294152258
32162403597995096
38077192086862420
54362551391125228
58382835270977277
63430941851344607
68971489455540095
60356341805160906
60568903185939682
65446628398705371
45995262046667883
46293971909548867
46544162096004562
23137611700121931
11199910185185050
