34408080767216529
19219679288446732
13235969998952202
62691002126902464
59288237226302898
69306841376553334
58440550086834602
30106839080444358
25766336681098389
12331083953323969
36469751685735891
32453344048876642
1123534346391630
11451389074113298
33878047680249697
24733701189547084
61848754958448778
20213770409093165
58231368623465359
29331053506731535
21948907150049163
40355846462826897
54843635503648458
15508900928481581
3615666621538524
33626672012415176
41934470778361119
65986638607018835
57616105980228781
70077233737515808
14651627750314021
64514606457616199
34295935482222451
72002976013856737
25163959460949732
24187097921483699
41867092385281437
61247168213690670
61985386521682984
4654922806626448
8900726085939949
18780171241610744
47233872677452574
65675836323214668
59105676994811497
10523825119011581
49579049405614711
62752761908615603
71704845530629737
43754960038275285
8384385859414435
69932667409721265
5798407779416661
32097828799138957
67130298613737946
46342955726788357