53526911828948546
31447590411939048
62180931969029505
16255851958781005
51040923156442869
68881802812375814
279046774105580
18447410942337623
50627613119971282
67574040984805133
23953330328814336
23831478970549876
41185597890495053
46602366295421959
32070770017588306
26712062086652358
5667930997905740
13489302489605681
31808663231198728
42141752393409913
57545678248329852
53242931189276634
61915698210562012
66776904822812259
53891388774506731
41912542092220415
46927491026524762
71710952020257059
30180206509447855
17364413299872861
33254737261253676
48219304665354063
6366366216425323
60491568063919930
46193364298980832
19104522789503154
29651479009942826
60906850298737936
37191019373496289
10101256770523450
9480735517089751
48185214180983411
7167164075457234
37160087667638961
13191051508594726
40246708135920665
63624670675689374
4139588689414043
45317029711987439
39684786168651706
