34424015927960486
2931284206653542
33500701593725198
65639450959581008
61626322030173791
46235260616654510
21255501408961977
69575249890927543
64597440292928460
52079391219631401
67161761746655008
52611438083225702
10491956761103181
68801928011019855
26775278271632207
17483162655074807
65016061880082826
35781060141706074
39628332070221381
17325803899411067
49082152556638772
33638952656500846
55489803735475992
37105127782640673
68463057063779600
6145331753207908
69336078746770896
50993943467928079
67185603078352924
3576045194010445
26085737827096308
5223496086407692
60928509878033766
14279517997974452
1885245589051719
41470068537775817
70185603791883718
55842274896324317
45533205619346421
37328730577972658
46248032855405745
18857032649323551
54192702680862434
20404531251175936
36234363815372312
69276512622839543
52213386514244982
12664961322836311
66944857655967446
49245497424308718
32656070444892732
62687580380071864
35100020715242984
71417995296772640
8356618500560464
4653326078614744
42252476091949610
40557617681963164
14769441843715048
41881192827429663
19517878501482490
46895458247869491
71682978096146255
47906016896117122
38115281914148577
41350731530215753
32869913399350012
36036980044465000
57043000787337533
20644622483465167
62379010499265738
47721135229359235
68696813181796274
2490583367368706
68509462045282835
61903519488997646
24060114264386186
38187189116529877
1358103489429701
22551375341508398
7824762572915144
7289360616560476
44895896646672944
64513711037687311
51827471850690535
4145354871965704
63956090168648960
54791352010765390
52544205060753154
71963145292567087
27883197679035468
24733707016789172
24944682177936945
54268440819774423
60428022376805343
39187688888647460
6007272346765182
18201319444759560
47324912544771325
51154137925253335
9170606475131398
27233280956421389
27888619614492680
70675300307858712
1577090312117824
14416192163859485
61972734741847970
22981082322462059
53345199054080546
6946095321192524
71840790390837297
5691229328688228
56775406009342002
3120174848939878
21633656207266603
62434891579997566
7712556290747906
67850098020511571
33359099417454876
6541876972664728
53511487147175689
44965421921868812
66087366230695508
32581452950183823
31362950354091515
67793049362711162
33858640691620551
19337817783975764
60395189398277729
5322359783208370
44287157207312662
40845298159913187
53968522308439065
22013219422818897
36388804693894947
67973035923402278
3094511117932051
53110583261804103
22356830762085713
12605125894642904
43419123361570025
16061013563197180
51207932695977966
67963355925296717
54737683658141349
11155774947989362
22235452778795809
39608388421794520
40791536980086743
28930685254750302
56694006157320189
31334618374149306
12591193838491455
4036546238176381
42071356993927754
64068637380398661
6101843231085048
22267006714503090
21354669984073956
11594729139161857
9217373230506559
19696591665412259
11612263376806587
207321013867371
51449920816694302
49367382839325561
70696130591394996
44923449375590235
12941474029093117
30234491202734451
3247402921401524
53717283939605362
53512533669025360
57756560824638138
70322804024245634
66491711428486525
40047758888733847
47525407296845889
37266972084112206
32410440043339302
7860324196553998
39062897772201758
49002393899618880
21164538297779526
13569480455289241
71992342895477975
30201997461740411
53907430399705761
56388186167333021
55885498856209824
22694161972134319
55707490480720577
11367224367617660
67295491511772732
19293064648834025
12513780344772503
29951595129302464
22760681145731567
46453787882661281
52076894544246105
17070230649333596
48438931977219970
53802255822906682
51885670064902419
60865951202799155
30210167343382416
28659486731864926
36126780817615399
39500728462040232
11444544532932858
55465808805451463
34720265999106644
44677376426895546
62367991461729009
20389251036557973
5559599525337721
60177336722216669
56046808041490672
40191239152460862
60286965320186068
31101780300566168
19508945333020155
9812900917653611
57099714291974557
786801049215641
70631356180600735
49696027780062995
63220631171645369
23079600014048761
65675932183266704
39427708657942523
61016581380315843
25319838811836725
55670850935410188
54043482111284405
24136661288186795
53847828988348729
1840951339606537
48721054617458137
42574863791910547
51075717879779303
37912252015579288
49064067593376888
63983074691180329
39515380771842867
13280173143221792
4662301717778466
46734487960572624
8474133835579691
70905129396581767
69785640861929533
48691174910530279
3030164815540103
71299291633312297
45709515885159779
25006535519327602
7643607212919577
58986582025239734
19454889680349544
48508808152408210
68224418921356424
30738359657909744
61176744978270780
34412512844752703
59948813239512654
25230869083300789
2068218058450159
39874884577495031
35851166408821436
8177597142243374
41798362569859073
39753081113578234
41201847504802451
9698540837378133
51153158020566589
66374159537464450
10604346183727084
1498383137580353
20598207355952346
49373306000463440
43872109561096923
32052537446095935
26966181665279277
40377833351876545
39553910104160015
20126191150649085
14971450296443559
2529469127151994
55595316554144021
36587513368390352
11600743647940292
52758892673590221
67935822660464521
55483461103046034
5103722681305952
66005715852694666
68172698542916962
37078006429829089
55688669290538867
53188898302902196
41039356885215038
21833750338416363
67429404671546360
40197775427063559
13316041143084276
29601056633784260
64326604212528866
22842173067166650
18149283171627995
53367417741937289
12151124678552335
24013813533722702
55743908904666017
6836888974070174
11391035855966021
3545361875633128
69614043555923554
30134555917492734
56812770601781867
63654863531310017
18649868417865221
32167297778453985
33841494262747609
45784968213789586
55698458675060208
57988020930824425
9072041807406561
63909288683871158
45218082732877507
16500107627969006
44851953395221706
4124452253897536
47662309984168266
48235107799025311
41920531718601173
67985032880690191
19936365665953565
59113320667493412
52818000569505656
26535245631513674
69719583233835704
51846942226616853
71303806858517950
71802898382182423
51593230324570112
21555525821610177
23789549767565147
50209378899457919
33693096526492029
52299633337395949
36107021652464152
8762680660117265
69569078005525248
14450561642482975
1159774479861052
39527515363583995
53039880770711990
47634037470877419
13157274243357871
4129260625370116
68140374484894711
52493128589770103
51667635124926114
20740782612661487
3347779590635452
60856388378798051
67163193885244222
6516175861369079
8734880282126160
3091080135295837
60343226202839007
28826630420810456
42093883945911383
22001678137646822
22275919747618535
34167394837806871
69672283749952852
4179394008695146
8898930095586153
23531259372622343
56361348071064734
48470217067843282
14863939040247059
12665178472258984
65718833905545998
36793980827689170
45048055729279817
10304951535800727
27031122233401904
11207358714695236
7272500625536549
15442104301634639
50586946326510190
26037401831903765
17568872062855735
10204884287458985
2267878979650002
52367335139612852
20180721001233891
63371734672793782
19035169544575702
56167434384212618
61917577332956012
23375219539438241
2671633933633360
49346346800821923
32455108961967586
25254239734948047
46739633122675790
19456847648031469
70573472592684184
71152112517558360
1272783820495702
32625614322297397
32818516917417784
68553639265041870
7915361643862572
27617171133483197
47447493920756587
38018265125473103
63731110905203861
14167933793777798
45832953230760488
43351536839092751
40612865897542505
23080602022859607
23133318864528129
45918373047701202
53868543732547538
59474423803113262
24520993772370349
45304875793694767
22983344398042007
65811926233554212
65863696587870294
18821006262556491
66101475612915198
63964759264685293
40823860444995029
20543771362885654
53966923512184228
17746097722416312
2572219861160353
59007827720377162
42349283005130291
3606254868088378
14291851461844181
30526971009956696
1836399070718393
37914844603365485
46142558872259851
69913884244127414
60161935938169290
11766531048739183
51614525843224792
39236437887768959
8583295422472070
28977122867459906
41634991935122649
55474319766178333
45738212580258384
9642362745029473
21287714321079299
35122809669508221
62727629293094033
15678918223807187
48493268347180339
22645584949602034
15940716552373669
2611813896904031
23302471992637132
26447088726435807
46218317659575724
61833845840403764
39946247388667983
54727360783963402
34310347352785941
29424448209969531
56800254937169221
37597051934988299
43668928834856828
22205081863216632
64093909429642690
13105872738907498
44120597760534792
52307405889089677
37930549033516175
32159379373778654
42302130868832767
42397413804921228
28390404795474767
69275017139338976
8683700730550233
64602096185609305
13903461087909375
16364799910388519
38246854081602920
40937719890736738
71301723064861371
69246035172105653
39046687440169458
27240710659518320
2600235727787427
30556811225021261
46655943724933311
22813434367669850
61120569223261879
44470792644217969
37624596045381537
17536699377408800
31990753029633984
5896900036925042
7067462262723199
25029007707831013
34688038492489867
49407342764162333
31013483343772902
23397261926709819
33818618779671422
67170265344890405
51053128998430356
25103203041912494
70675687152963138
25387402015564527
53203718612052575
24025347979656343
36574107576354756
50347346259513621
48075435662033336
30914356622100970
50994407224555941
11258509767391929
61157709664578369
27443556973745912
7936867704700516
55875480108125421
63394237160296330
26566634780148829
5655120644767561
65537366704179037
12762775372391045
15930382294781386
57239431009135868
44986297659306865
18262650771388720
65613934760980521
27233734282765020
10994709017531193
49785856108143960
43947568876478194
67960074243459926
66039578260849616
15280990566292202
31520822617824389
56998010194842717
23818253240208284
69563532621260757
43654122936272405
31270493868922259
22944598651705787
26235181403155233
2346281633606505
3939940547273619
52585559672579062
2096435987782874
20312915192513742
58679092428791180
36695690108710833
68347199053790406
68325327878256569
47645172976705199
8081341640284084
5114371697531897
64537966138226454
66740728801048096
67325350944098557
54329507467688961
34531232554187882
57001504755546859
6782365964357323
67284620055285962
18410475745133248
67179413686357684
51236194088431011
9190597411646091
40231146080179185
44425920720401195
42293843967814282
4897737356389570
23261371012399750
47464044551606182
27622967933546578
20356278578541813
36662817443539109
18364001772016014
7788229271293266
64534304124039692
12892274225443360
58408596952610995
51834919581263278
39399733096118167
57614747889205751
66533052671681805
9901820208580453
36776733465424659
2015073758034712
3849704940547702
20322049364231058
51738818317285554
10407956173866481
3794935754640913
14028305546047326
50160016884724636
20319111520561760
51520022756064615
54476738916134001
42679667393864094
12799240012473828
58400186643774673
63741241554401906
67071144259282154
39546384829693630
1179689980539965
51272702500719143
63807407736014971
7529917122685417
46881643995670886
22757436665982402
9968424121893827
41869475944317605
30225578545003502
14495655178776931
13780733051656353
5867750735169229
13872704204830633
9976281458776436
39976377900352385
17583901949824119
49744246203888525
15352075531277513
2200973357966990
69457175714353320
55386337022957397
44363355103588032
1302569657669159
59130754851499658
40268327507247925
42617796621281408
40648498367173283
18683857978591001
27268962522877692
3468675812444505
72009902047561531
50115354783133932
33772057830254867
26974334771759006
7859004108449517
21534947286324321
27050196602173433
38351926815000059
49973112136864237
14819743949826283
70168203762876314
29872575872294195
21209591085356678
45978191969321985
20708302209535553
44996041551908086
7690730343539510
35008541560958274
3519711351996651
63791439109243409
39390685436201012
67706120311498257
52763056938065489
41445168832854037
46742165556472315
1255602957623958
47636275092720550
53579265537499322
38375296211439
17576752667935365
47527256170756126
37721430899868998
64078907346902503
36287728214645908
51328839630297556
24448121786805591
36828302504892708
52396501018491437
7052445655245679
4569309535262927
55629056398833165
42031231418270796
42228522823233446
49167832887223586
31544426214680519
59645725988854706
23403437971443584
57532401222330949
31226011634535584
33169438806213627
47946420816766908
52093505386725181
14055420828885271
39328508716125886
37563857430894599
47937441700481695
49913414300636421
40545739523710503
60556865648950588
4051495180899678
18807688385245303
25103243368790067
64777451899539776
21996000299735592
61616503220230304
834364733219880
62508063069418505
50497937410805481
23826195357359664
31482862289593014
10566786666288805
55479191104327761
10867918092005712
20632012250289506
19860149407795126
19434239507674357
34295790242548131
2302327708601617
69701250996333325
59739983123096269
24403699761063730
36136588604269492
8884360743021142
47851883230891959
8619847160674150
18520398324860358
14117409892646030
57644208343301957
6248079353486049
56597242449046147
67550863970668374
23929461707543338
31600230558300974
46014678330865219
18647998674452830
33753474580825758
36174750370775465
59341498010666538
15700106099743492
53504532315803598
19774989905188577
71089260596782129
330324568434911
23620608982790897
66325009506770684
14627689495562901
9516420884109553
33997198191467129
43954522557937223
37438169450494163
24129513889892350
5829217728621107
48130422342209335
57831395025602858
10817468957349380
43586333970566575
13719565901184047
27823493494124305
24838745611317338
38052026653185337
47384448927395296
21476005185099740
31504104775269661
49507913027639355
30612706897672618
24501134451092834
34365849214828905
60570857102124903
19231626494985250
39746150041928231
48775963134141500
56514050816414207
45327187114437184
27767730009383380
7136392143154359
66126997200570316
39268191188132549
29210810985982263
28533630731216567
10734921679392413
16936058791774317
5390279687116085
65684203849355631
256639029748617
25330158340130500
50350134617660060
10792030307640796
68577062270341787
3999728582795314
6205239326165616
30635384339681275
18649401029881105
68884729004866950
23099958054904555
58126793097439132
45788258161107378
9301980702600629
39586978715275797
38186256325859077
55398354521742868
2495551394172316
4012050784346446
26101799560506618
29347975014908251
19120407403295185
67737614576543086
23828901395349193
64033425268595475
62362019622939093
59427617565621370
33424096183914357
29846287414914717
59660166410269012
35742898159166363
65154914059765600
34118303342285871
50306448839045376
67494977506253695
24085302390420064
15950914578286270
22014883345146088
3326759878904133
55215646822302526
2326805460289881
43086735230083565
48300287988073838
48613401616967896
40702167912412028
14575941137287004
15017346329593734
44265048151003542
53383775423172583
69538091359879762
71968116534814025
32496597463181897
56867981619195874
51094460178739250
63063170170430524
47524154193350947
60811623066411289
52660881932466265
51366916408208271
42028711378717997
64943150747681637
27325591171923897
3682202963232041
66197873067469555
50196121991606812
17720108655696404
17487868886473764
46260197929914386
28319928071950450
36525473849900781
71611970069931808
13464066506460837
13707598738037288
40804502859352468
18414518160006826
65146148850404055
284813619202018
30049535615987877
61762095691966005
23730603158476904
11417913524752981
18583587894519792
22737668430509356
39017618487313310
15588645776727281
58846576074148567
48185475593879879
60132317174379685
32947457244665578
68312200151283160
51583880599832689
42544714732092551
19828527176778157
53743513602180486
59267713980638708
26988867339485055
1020050481117392
24343216208310465
14406346195987531
38921612139621291
21896483894865553
14423654678169926
10344810055298570
41251643124978973
52118799240322759
50417119360860632
3995216417574668
65962052237529700
44743274118027120
30331021651212983
56433106054352081
30951231107210039
55781512208066852
7140154345267646
48157843589015314
8509573226930500
1808154366498381
8946039834157243
63492865123989576
60483668501242065
65151095450231881
66777441951268011
34886675794022062
48965195149361730
52742231198975247
2402852115647955
26591140729149540
63837564853040155
11997104730693503
56973090362293899
30987176233406577
34583142361891501
55257111846508715
42241593769650070
28420162653053251
41177110083828633
9199813784778137
13577617400977998
64279432729037669
56633056650481236
61920119573656904
48187942733948592
38485715916381631
39457537426699034
20120177633388566
48005926579826969
18973154111882769
1467935236355532
63365317809238879
8512048340245173
37098951487444260
32843945759472372
68212874228534223
2271256876247616
39743961815015547
4743368412022407
1118201159511202
40442813008582358
10586914890628502
35059595680883022
2797180436438255
18931228708464067
11380740596619057
19444154534981389
46809774381365408
70802597101306012
31566791292798130
66764994484212807
46206443020498503
47019619953667978
65952988101047589
37943729110288020
44466780250737770
14344472358110438
15312000961339784
21806723935857948
52971825967724313
70082969005712931
32344956894368900
31383806756725520
3585121969610107
20457334725997641
37912398245912716
37600281109784412
16135447735157106
49424555074302652
42543857678096816
70853150746724466
26494324399462591
60396939960975510
31973032239722476
18673849205033541
44773928194852053
44181977365990560
63666609693867355
70264943049418602
61041421082147181
22838462727249649
1150768317096795
8373350184668566
39765504068333125
55693910025380849
61175581928500434
49194047463130146
44256245570148871
2179315582021793
18029622701564339
56192161700197568
34829574861061655
64081601730709722
63897690632239760
12872361563891499
61457643468814371
17989401996738335
52045755170469652
15928686897967672
340596722435374
14099264677596064
49401662573561083
461437439280367
18145719303362439
6448453503682398
1678010659460108
65055191993649955
43374002451060348
18732479579816506
34224671255072874
40042424528348595
13587060709818925
34234382676604909
34017385258601241
70669902902749082
46051507409398026
48351734901329428
27254040720375852
64198980679693248
35486426746735327
20538258671125655
33391482344652817
29013862753487481
42060787726578716
24406425012591088
1388074536079108
9288445406790481
10747371560721147
40909160924449589
16083402787836289
38655929792634687
40615792433795373
45577532304572689
71260103003245889
62604803892042336
62712380426121953
34837366724776752
224007800741656
17198627403199164
26085984622510448
39038646600771677
18523854251496720
48085061097474491
66540934641094684
9019359985406340
28962281286952310
63589839300660054
17153677142516057
30623515222535325
49730288343663173
721552133402144
27956718735939340
56536071883236594
6181596882840945
26657471193921000
8330484522790622
33104342792512757
60662105288847689
43274839095273556
68310915995425343
4408365366121643
54825871377052439
69825017126493147
7922243028776338
21776891940202669
21112718812084775
45159846476743594
6999749628084941
46704306378398585
32906462465199956
55878783331155666
41359175761167645
10721062119525071
3664946007932052
30292045046759446
71265131595351273
61449801175847891
17831766013407594
39445283692574825
11061810688120800
62687391728565198
10127634996542947
1196277606369731
3845089696248340
26560311910625183
66914081756993311
12640200844974950
52292447692101009
23427602132793081
38449640651289474
3815761833442947
29414918628395354
21368754071884635
42890198525495349
70510800070560330
38997467944901168
15339640670709168
7156953747944777
1001748920283854
42334451550746489
18714765488735920
59694895314434523
54653132850680883
15810024358038065
18328974708510963
55582567381323243
9664557672925367
60040612543703972
60297780594625575
35745550723991231
21878716184815227
31209502626430677
23421790443201803
15376415947295625
23274996841981969
23790000734239887
35581549613862868
40422296496391479
14124457523274845
14459513170480937
14183977098363441
15209833652727394
49652442223123620
37563046226225235
60171468065403244
41248983526198714
39957376429147173
21702461297353440
52696921691877335
60014644844985938
54087170838947625
10798969655298323
46638619486920711
30027907125989243
16926018955906532
1565392853790398
3236237150207291
27641297301919413
4067400811094409
50698268605228132
26704538637654674
58079845405389860
10154383143625499
39020778159820103
34809812311716520
60184965631800322
21293086001126434
26136315939355177
58663418822953493
46287198669123520
3386681611808947
36654032415021225
3510953776900901
67729626275456838
68900995495486547
29794982918293717
34990265742273705
7947033176477196
4177842365447944
6021133955143106
12974941867652638
27587650372203694
33588045236187942
57640849490119128
9360215921771307
11044260349513657
21542800154901556
16265156902383917
57545234361441413
7879696283834123
20560104990360031
31130262486262412
42032397216888545
10907280666821073
8169851976045055
12876158590924155
18619962273779456
29979341407457253
44379018615952087
9711952966723751
36097136813995861
18047378917392966
32947523711123720
42499920258494116
50798259782694036
11323630607131566
60594175300825159
24523035006771879
16329382767531295
13412369952220033
37213789394203132
40149032067745283
57632789697021728
28703787725649764
53963116413180014
5065923258244070
29106404009412820
5836544392043666
7850330786455255
26687445746997996
42830662429536667
34247427366817858
25277325632387311
19185733181287008
26388154456696648
34490045388016520
53258752413252096
35227809490444428
30261980973271062
35922920078676159
54384279150041094
56101752305050211
10974184299375047
34816227731115647
11698214237606420
27804755266398826
48435770563281262
7257772673745771
14404661269162574
55330198585726696
21972005080763727
54650655512898860
33370300304385193
40800001987203406
31099860464482080
17929460336591925
2269206338993425
70527895243279433
36423456168625488
27769195502680340
24692521044268740
38845760143867025
40742384865509479
61248092839194557
38991388444144137
7266318464575934
48774038634057830
14777727270848949
18737236412894893
45276614315938450
17045732576273935
13232521189282174
26863695242954784
29398737759199336
7384214824326821
26647813273191459
65368831137753231
17405997932332805
6846455013141471
16742427920024205
39409956558742012
19450718048806076
10555826531600048
20824642166934763
41096246892027221
25833896228112962
10406678426250159
47116321557478095
68569917190961902
66027838580572657
20981091882738505
8357058133700554
3536374647808418
27252859774631729
29519860034263760
69542959722792163
20134670829201312
48379418536549208
3098927182758799
60800585432494174
42547877306356776
19241523484908162
8602392518060749
49801200124759736
40366499391738195
15581675679520681
47501587482972302
23325399852754668
25042936654085941
9105545861213519
67591714511252906
34864433008678575
59458071541249262
14193359698213277
18277695282260791
42382821192483716
26283831701005891
19192218109658097
17197806812813952
46121425696425571
36257486418538803
34863334139142395
4455742248219492
45421569903805887
12154772860010806
55193060168373915
11651907376176729
69013301154135043
25487341273300904
65331768467608460
69866610056294827
34235686591070049
61296235179537851
28010760545207258
25228367736062154
31899035176518619
68128676723685526
33516926573054425
38071912094602285
42464594086172839
41850764088579938
52889372199203097
9533936497368675
60591794411515726
9642123735593948
56436587374614274
63909119620797183
50571216929985872
35621429068569072
56869354861073075
16532887820789703
57336381692281862
50225298006088507
14277052540412661
68138041153020115
42514503471672522
23703268811456036
25061894853998669
7696773451557156
17159076539304119
52790633862290911
53999714174745226
50306352878137047
44458427662017492
41820345938565094
11436879829106426
15828496720660099
66821187014011755
10170187063984517
56449586559713775
71984615192793131
68024702111276353
17809543375756342
12087733041469370
63227648958864529
68048465530097672
2860441481924473
40402884078052505
29482535191201237
39087926777619662
13352531710776842
32897075447728348
61602990670789432
10375672164464881
23961441724109366
41684548674156566
7873643520938567
50760310365941850
59991070365659383
26020770565628149
69328409489121370
27961377164095826
25877783974218148
33985148921999172
56387799075510647
34407968548477991
42023823634424998
41251905783735581
7058798257294389
39237151615944518
43138030174882105
45720128552424631
69567238416385760
3506415490859800
44427929816306516
65739380823741367
45118360352292558
2368157500633141
32050033772093755
30390181928054891
38983237684010630
46455877388393413
21221991179488627
49917735913571927
36477160382913182
53643696653321010
3229561934108514
31494235846299644
22958764210695164
24653971625549731
23707924295542018
20106507903499007
349144660749981
19236903948922805
55717755387792940
54950964778483806
3108454036272787
35921220688810998
58820622865621664
50061268502662600
3388515923211899
59698599346363464
60525459313834054
13746063522257907
60357165188353550
53916544157444807
67107070740074294
38819649332415308
66514595687584443
64791212252876394
14065627011960657
16341973576120734
55640301133856349
67430623841009502
30959382965688472
51259501721510798
24306731016408431
38374826275629196
2113542000082344
33947946785031036
19524536267402151
29123570170573249
20954197901992124
38172893794129261
64878792044261220
42227627097552559
18362165053578363
11659278350211763
30424347651593009
9927602198564641
70071415571180103
28992007027297474
27731239995854122
31239331065894762
1011818181803074
55398183920467629
64519343671044150
19353932973735843
3073759665920430
14854973272851131
46655524741742603
54495952838552452
59584838958455732
48379402187634627
41034013929624784
3734705200052844
37596450935484980
56279268705308235
9663070992591431
18072063130872785
41410123845673262
45048317381649257
46072933919104063
24262880892449918
17857448677253627
24783797596937071
2899146148673947
3935945003185084
37666282011273285
70594879307804043
48969633354740567
54307200199188239
32093175868079223
6698297116033354
40434071200444463
1253988866151457
56715147042930014
30630413081326832
56093409533808979
22570325586587641
48060578228663086
34592998426650930
57577271311353184
68142458631579083
38537801580151599
34787266885707359
71309821739330165
50392585969939824
65008122439097470
8895207566506948
11112398916812318
24486268388180647
5262578169570722
64432696069774847
37034397755724074
5049104571337078
33755741604332213
58045548458541040
43858706272517644
57261075391704209
62412924003115932
44960078790217987
62241852546095701
29725969688081541
39610084095899050
39153121824650021
53945397719284266
6270174704923584
35689787363111401
18631293962527159
10238721790151112
16366307836979660
24327677822998277
63428844321960830
47848455711701275
45783394813786145
29864543340550975
55190323717164260
9476520462490903
68351248084902626
1020050481117392
24343216208310465
14406346195987531
38921612139621291
21896483894865553
14423654678169926
10344810055298570
45096096941113494
9743305769059278
65646921361410720
40306381094514426
65573623302827359
61680113999174007
43952966036625122
33063506756132663
12937157564672742
16426376734177143
39068887584350066
6780388054127086
14612527055032126
60290838567432825
58825717499359500
46463357983512155
63854941842653122
35417111669145944
49652507429524123
7775425991782132
19160650397067163
32363585705705274
53584568749065396
68579286572232844
18294423156406277
2863455489802667
61027725509603832
7668081053107875
63294573488524905
63854846536695691
34707980430839101
34055001309309067
21673358802072033
68555897687382907
64348390976325803
58516255368923051
48041923738471201
18907239789767404
30747897912694864
50037401128983956
62743020802505236
49480196608253408
48365183013047917
25672761119528597
22565760731453097
58474413330736807
19497215201358818
13380136701540837
28401921289425208
52499289800746324
67198123291409153
30280220261497456
72021464876866678
48003179434241347
64340083743208919
13101079711111886
49480541308348160
61002410070101700
26569949162423526
7325889263010266
14714130362231565
60671589618334869
18757219499639183
40722186715041827
45853953288853603
38158472479499392
60094075846835876
55176486961688512
15108512532605958
25466026247240003
7777940300328264
11719867478605066
24618125502469209
31153719944403655
64581390978298808
63490847228197960
67156256308224433
7540967989714609
16512264670306543
66106815125047044
58005784506984557
54751848876383830
10723950917456244
49580918123573733
71507424353213840
27086610136931767
55188617882705346
32713542389689353
28082306312343159
49657774642142735
67986454146331374
32408967408333993
2995236731071256
57190775533141555
38614224643956225
33481005809313787
55341974174329642
23396764888507719
7243591196408478
71554008664935404
45291646717216381
7260737583708271
16774733830497163
47985725632425695
39745937155246041
54293730311099274
11139597470627245
65511263480331313
13184216451096047
34279962784598268
48967466337364419
48502776688401425
58877821218584103
55418911240629769
32806550346533953
50442633180746939
2819942336919559
54785581621380860
57547903363065673
54410850939594008
65625027655933077
53024350985850842
65471349072926623
19609815361833355
64586340486212044
31848805162415896
6069422895045375
70744781805094975
14361430233102300
69824354548677797
23764335812096408
21111547999991436
8212672478145609
68922863836930773
1904945673352011
59283704004273677
56431571280929737
40180838014679772
57048140081010735
51659188496461238
20963506944077009
29422946131710466
36500219760006380
23429758412330255
9181101096061389
21305767996442955
31414976351374705
51509859082200652
40915611276166025
38557595346431633
42761635439145735
20103273761557840
44450494468031858
23569712289134319
46380556210626946
37987597034763679
45878917790135143
17464477893702952
167395208139603
60696267994764253
67276655946396459
12167287087269080
35701340774081978
2975964554697583
4952467957883985
4061091373240032
17491035196335004
13779308021835303
12439716976142896
27190766701319347
57843295701679803
61841433737513224
53165672263086437
50188247102674845
35376462261067358
35300103241976234
54541075128189256
44385435618045903
33906805326222888
41137891907885966
19497884466322918
62397878006760169
8034987586495096
27536202935386166
38084626655634978
20901468920359537
22566446079460055
21142818376022222
71484451045672368
54632385309195236
68843251321678470
17849947491035176
55470715302049448
8586081647338465
33977677575170284
39966987320679688
32086559968533564
11312711718152692
44299778770456516
33764855229194230
25343608685058305
65062992744051656
30382529802239380
64632403321091158
40457279769032088
51465619393571485
55903882461971705
10158237503768819
21698961206362274
65666313080007242
33599573168911942
38113893168515354
37894741892445126
39346638661094691
33893796709347907
21417713887521225
67431730173628163
34594645536169293
65560972479417459
20792519623568591
5742138821560919
48230814319636401
7604169744988689
50654227797331847
6151174597050435
60908958776286616
13121455074472359
35953358237677643
25198960635410245
27447791921193480
42104713650925787
55332812788981318
51226328612691811
13957228711907827
61117290785755537
67048117423955962
65716784000594110
6236926057322174
6462049334594135
46795104277103443
40934957605779101
2892151084460934
59870932977620176
6622901416470505
38658571397442192
46670792327646320
4552115992346261
59186884475164000
70936245824838058
22191865935420122
50831499585009861
52647982759153442
71176097798134116
32977888961944229
16469001663468748
60265257659894463
24616661267978307
47783714516399708
46131877534340061
45286209010585157
56063635699934198
34877685846975927
59097050924388657
3845089696248340
26560311910625183
66914081756993311
12640200844974950
52292447692101009
23427602132793081
37229033824553349
62934956850430593
40569697174385962
44073182975201661
37488881571466085
34918102287942931
34150564691891619
52385284379111910
41002920941388530
35921251939463615
45013113597701382
10104281727111502
30972985408885350
32099271783809273
40196262943510061
38236337734245826
19706664791160276
37005229648883070
51469024456684773
31326852983831739
1717791597710882
59363779158905334
1093121417534103
20474301043719432
27210867109682839
4352298625138950
36735877436453431
1391869615175638
42367764221203202
52849133916898862
55346675894278501
4352092146893117
33444565875274824
27055441417359060
48236144668000762
24761300643877417
71206738366376658
62960918996794526
15163576039419513
5447380359554405
22943450260533916
63339611387436944
6817344436740891
42636276028886017
42879558585591345
56574811132358103
12703554032260322
2086328728406357
69103943027784419
10201273369890384
47485398113962564
39767778851844196
54306761630538536
28600575288801965
6707691250492783
50275902004224099
44957745242375969
36999632218286765
57529187951948528
13886875643880423
21293615858155382
20508992442394398
65356773875637466
62118394841160122
48741687455685230
60315681271679215
3940412438344615
23360547856967875
21926739138593703
41234251581183701
52655665804872908
20609440245945229
24737305330413870
60745417209806857
56141665263364580
20737192607150481
71605078313012466
47580812069318138
30611248459040788
25491140499804665
71251050780058405
15589280981383279
12488078973629376
68239985890175896
19821693506695769
18909904894247636
50675091241812731
71035559195894421
10976983017453640
32322687279058504
28940247366366268
2249275225555659
45139751372603115
25890361280628231
54517949469438408
60216174059640464
55040184064532132
11563303717841349
33124904476959015
25829547237256338
33712628428384079
64360242681215004
63269291387187019
7195126944731990
58818045988809164
62239929074156558
2577732258789870
66602374617679366
46854016052635809
65802220851857601
54845756359214623
17343677770786856
11763531381702574
56493650760732626
39612997426167510
33931277952091399
36030060917594746
9483448837736103
9693138379352392
68170336273418823
5577850003593519
6726604279663475
8011973999438062
17694549307712887
10468551978682035
72010899650131085
51834145278993696
16458385669939306
68396754007000859
70232944880503605
68715607711212158
2257357200603765
68232805223860197
57685278749032869
32759128455193317
46786169810612877
41584800389879746
54858794500755369
59419203021804132
54628735717205768
24288258247063921
59039922457104443
13490000005879549
6444166774397993
71549930967036905
42730846706711191
966359800820659
5092097321177821
46077838681177836
55314922092159204
66867428512865295
26720989521469043
52555587690513223
58284379437083252
63657953365293406
10091272748127585
55794282037823643
34907751168970077
58143060585004908
39998297558533010
61946138453865389
45064917346417838
27889301455475933
36392506038773523
12170942196353808
48189841677941381
62637469005152948
22376327903503118
41698420428681915
5331930518610335
12553574199554737
9708897977576099
5584221793608523
67653964257198970
37066183226062055
18781940437815881
9025994055225567
28862266741364814
21004707029785139
33247866327338704
10316107541465293
24840576700403204
54021998795930303
18198672073742215
19172927049109363
31214141076508905
63428977487770342
25783624951982550
52195769426869920
7230849923105917
40662392340058007
59625724522001870
27927715348693071
39023204958112078
61991806614212315
19163091027032227
51684389664459433
36724561440933173
28540287641679046
32703798630728948
29379813589897952
38100309883544834
37604404956011240
65613314108761178
70482781392720675
36684543821015531
51282860554785697
17070956186734606
34603189070221050
43057017953483337
46538957071952600
63704153876314965
51087679066328432
59874482679210765
44547132577029247
70651543074324879
5146497788222540
38936588975580072
5078475730094392
60040103914365264
65524382218584714
19359429951377416
71640986421346982
51956206772069182
62832960398915675
52093822456407485
11904328092002274
39422100661067898
7281803575716151
17277380593629444
51966908516333366
59946404453902934
43039102400633347
59750364556913502
54335433030833614
43517203375176608
54520421133763083
57080102548862199
50103696486207161
50013010619599393
5917080551580748
28605204152792246
46939573821736840
49102307084611340
3204302215526267
20123227921989684
48454925689113910
60120121110914823
4477420230579361
30677791939871494
4306573301276387
66935541944908181
46035351618406329
46459715988865845
17026942247020785
41521133147667522
33168725257409606
61640439461574398
64147351343578541
37630817477744069
66885630964799851
57498487315492258
22676368565552613
69218617982182276
59133181062501569
63504668621891250
25685010682606957
1312776192097428
5737292198760058
66836807793957930
15152396846285730
7941910842948051
26821289478352777
37746136322007389
61391085794185152
8382532149608418
46876311600633567
1530615613834821
50737337066229410
67877261834460532
70670844775898059
26264882247232357
35916741379821175
30248431290813200
62887151983569552
12994156049967968
53094050194398581
39468763870463594
30666769142534945
55713240654692761
65493632057907582
60140426366942263
64434958935945978
46542267701833240
17041441994930206
62965855784288576
14475761031296464
69685893092269094
10632275572947861
58743857711887035
52526213424400351
32381191922465711
30310251911579806
25154698405639756
67163083104304029
7046388468856663
69148499953761400
40061669590727200
49561263406530036
46602103135857913
67715087830786894
16876472905219828
31232690882757866
47235991465258360
24391911195046656
48147261131324419
33710458773339841
52158556424535314
907770043693967
36547455098057204
30063745082878795
4157458252312056
1530104944809520
14229227096157245
53074456549574001
65025157216504273
33389974969986294
14471005868797032
2822341574728593
39630244372127118
52820540665975144
64812763492738169
63410838153320286
61968847802434743
69761766587041873
5816670044005244
27273924543619607
37319306010129918
59348294199093117
71785489539180086
5409229096079473
17341782547134751
6344281592820661
31532444070776148
31651887691300881
47285869342123560
16446091358277205
43902482383933501
21783389385105307
4609126431178160
70506672796107617
64634407045152219
27625860491669001
37977100841397100
9416255129139537
71050262137237708
8793122297927416
14124807600581210
48853604432324374
32882956674544653
7983249068220266
46885596445332981
54556964769517368
69706935867745926
55511721246057221
8045575398417155
24674336327966526
4779137891728359
52191927971096830
10446273293640509
25585601913637558
58687631913412956
16856396854013636
25415479620765208
10651803809054073
28146484517201700
4014046426842287
7406576133598753
33916026714538515
19506855819839584
27351708541346625
52151841031551857
53964670846147077
13740388209368674
15598321383691874
15216687797476077
4941754108631685
51276011034711609
52466970167211596
51612947987517891
8205690606591039
15717407258571543
51110944310253612
8634043479378693
35909524995669075
42729437703986015
10186327258080424
27120619847139110
51936104223125918
1206973139841716
40561775492290379
71352841820810880
36053045867434126
36887232356289086
68914828681484316
60724581985327781
5848853326016190
11940205147591546
29077167050556123
47245575121462023
36300470597726153
71452907309228999
31670146397313044
42222841261583725
9482500930193752
13074694276406272
32231718717750133
48265240688573059
21432659126648844
70020736067629686
69321077131456639
64156419329020602
24007262814916840
24540807045637964
10594296230614653
60486908263592229
36983586909259276
63138029551339831
14177558612555317
41285646057762667
71272691349791091
1426540569023934
58343552780329028
42091899819270169
6098045273727923
9086063877733891
50358891085021315
71865424897216650
43548717890174518
43217013893483938
68475321943050363
6470957935716437
56055293254021347
4410118580457806
10478439987176845
65610379912440011
1555021033425453
60780666697852410
37773981536692250
69176922394247089
32521966944618557
4780186787497491
65317731583481854
9895015725415884
4025364811492659
41781036535245538
29173594252813641
4808590668833411
50106191138642049
67542272320801635
37503913488464307
56026774862059578
27408862747306652
61884431388812250
3547794523987848
1404354385251693
67199689383520027
21957380740367002
59101726096843820
5844254362696002
26930203279470577
68067910433833390
35214034337784828
37154338609346005
36170752801521600
28901422733600717
33855206022439515
35592321035007427
50631173640064194
24361637582138108
17217082442574175
27385664405532094
55223250167640805
23394972304543761
8275253789306008
44933479517718649
53361706144284540
45118635649424175
6888305166076116
10523582102441475
39302880689910244
21984687767121503
33341952012249769
42894771671190542
49483106650282914
7344588097504959
4973843984479346
18911892058703390
10365917670698995
70995716995655590
26365857027461928
65390936099586823
25271972752551914
52181115078470
50623378751286130
63798061397538910
36814617780204204
32185621756865009
40463828376832553
14674050117255072
12225329796236023
71259851863578420
46815319053823747
41237150708017310
46739313463669073
17613533325653535
16169817671490988
24964940533671596
3891727097631128
64036634583264732
39084660556438948
8753055293510302
37211079083580989
57086052773274948
30816724999420181
29261995570273017
28358291562831119
44425448352261105
45026029150764098
66142661618428982
21345865732324085
52522778860633053
59415341507153229
22927727838300707
35623649790753860
2767823906406579
13091209806371230
22635753495438100
19717558526238478
17393111423195369
5584013959201502
14809528673753029
5515101745504839
65796252053513180
71522614307280451
26614484841007158
32508970498621828
36519395361201435
41043976655463180
31333334144902047
38639110239862106
35023773699589056
873887184522519
35437916526142827
19277203509637678
71599363037961179
36418523116590466
34896400859104250
61725460576936113
34998288302616078
1338440644722529
63746903728204457
71364691218799986
33950854702044253
26656686827613783
43846277105794818
49859374107120203
11545999810161861
33782292951771944
68770877463562385
3050211425984199
18366684692864401
39467825731808270
16297513026915781
15358532193115982
66956029010961972
13464972386051196
29606411394741359
2964304909664445
56329165480389750
47337550758462743
63169521609609800
33827113952102136
51274899449025991
51885703728180971
21221688585838129
62459979509477101
12013607795923324
66559275617307033
32046563722835909
65354199399502654
39999859046359613
6946224437624887
44122555877421078
42274725674905816
26018223540856017
41859621584479613
5852702238698037
63964277763511439
54350078452740893
46781154463456248
8945479466567373
13096134161272396
54040974411149074
13124461336447938
41874853823584316
8705445395796506
10063040620317664
64868897891800758
66611524116291596
6006892056809809
24752889007861454
63334390072132764
13792708244095444
7416360796598985
39301601350634697
51873257106614821
10937104240935860
63062825841706483
7896583489566121
39551935654956763
26627668363889628
39771871569996745
37186078941125774
29024858569795528
21495391574712973
35206198312057036
71542245471174269
62731775435384523
39617715751579326
35975073077544520
69602979050536857
56319313102505599
63340767996541865
62856022297818278
31008141279708529
63966045098183163
38803823647887637
38464387264912304
43142398298276422
27879206413911101
10290713048632678
4143804319520700
10254012438144532
58349136733043486
18018349293154399
66119731418126199
19916063510814438
34323351632372802
66814812394424519
27275909822348600
62513267388235660
14984403448867294
55571394412872419
22478911390097797
20398020175742766
58078907815941194
31172648790936896
47122316886828501
63231648784804827
28853109363810242
42170390080322217
36270635548737042
13541645893711614
34327275870105739
26400985470006139
58286113620919283
11852302179816913
65326059833828939
28653796513879458
5727128157258681
58017670545043541
12318536136206399
57563158048338346
8169837364070187
49281306654197649
30992569529017786
69542480984510065
784281916603507
58627541493618799
18905917017990686
2685896204496789
14701825659745450
63674907152451399
37672002034611246
11129596184117479
37068317243436881
38208064603562919
15254280189162965
48464563885265602
65737488351222925
23926794585265005
32635194625480564
707433861591495
25662913228405652
33158446005801378
53512902774266421
28517482632035793
30508043797640858
27042888973720789
3229426176328441
44665988026312866
28506758086915922
58935176759913577
24459619720712515
51527203577840615
6893144931439307
20379599735448776
60628095405900844
24019427047249433
65703682076271140
54638564509642860
30464308803682169
27489707237412223
44553205094212021
28390196472551003
70413146955659516
11895275437738742
35256813729038577
43917932762946704
14859339689917897
66052583316533134
58209525453171879
30972322224667275
56155903969639076
3673091531743421
30447202574458950
65552727849712597
40857812116189308
68810344595112032
11873404232544782
9511595450872327
67223909572002272
17369004881758238
47625737667522750
1587941245164328
9700723916612
48708080785579021
4282322240158371
32995548009358442
10725977419092056
46634977682599347
63408079266734024
7378906718653761
5103200700364353
28887047166465343
8900561209091886
28951836555401675
61453469709172534
63106705811086249
4145279326198124
1781509449846645
28407803874269780
34607036311171060
783996732892811
30225164563795196
17204778859419817
33643700275118525
42983011324338055
69356988317102535
7851408753747222
8174158368929551
6869441783835197
706927128933875
53759362459103799
63790797088979961
16351179552601879
40590947082704112
3978459041589169
69487022293956728
52028400361758805
60568863466035642
23587298200113495
55036710672461210
57945684358391581
53484061042971122
20912875108856497
54243432603672153
70507171353417068
38478750358160355
42523342861065900
15274314346964600
34127583696059386
5299575850226718
43398992153723711
48401920553296372
57455625229801611
30407543159962163
68675463028116319
37717831698652661
6209879871829908
24190510607644449
28578593356558898
20807624124599288
13091553252375679
24022016404174624
28829986750863112
33746690341187992
47131296395980447
39224857936440954
46262199162086910
1739994356536954
41380845715267867
42452050203486151
48293643541752052
1809541357814777
6138240992258417
70200947603013328
41641207820924864
3477729315254023
70450756850926347
42222375571939104
42521603730336847
36946639704825502
21666920667774515
45026368274009867
66076974176519247
23241030255413051
2060185608245832
48959286963770358
54061139224446132
60035541115922239
21974809851620106
533075293362806
69882833071602161
17762016264157455
11628438948736770
57671437896413886
4398051143743698
16626052683079812
70249743649958222
22980457115238519
13813740191533111
29375485059963325
3794292833442004
63832060120546359
51426524717280226
60465939501706412
33869970995887484
55733961175900109
25946246870726434
14190570058418896
55625862677372267
38820406924106357
1145093599262842
49345381350171711
12883955915949103
18379303220269872
54067627448920549
64384759429928676
36350642863487454
61557828030707043
68738718683385692
66255622478661158
28476400609433039
50476879450686037
46939836486355626
49233043350499882
2516068167021615
4178656378458323
21052240072285193
71204565486585923
1163320852815386
17712630826365143
67162630365734045
17427814146351796
62035469709198194
70334415500179933
13078794995955581
11398277966333188
29750897012126310
40698378214806865
65575698782389681
12410711587798685
56132182939676212
5659804125849260
71432766277098591
61045775420307000
61380125846934127
35922276951533328
18493833183724289
6020077106602887
69749154343288923
32218342652057798
59573362723002024
37010107945762209
1220328655386565
61712228779635051
66942217850682475
14813399251219003
31810264385484844
44497451813826551
36164034803960961
5228452873667666
68181758578676724
41456416702124501
10682542486130736
56331429439552371
4684858692002122
22453294529722673
50871687986414271
24795692890811124
53429744739712126
1701674357743518
50563960785415602
20570448945051143
31187816609101871
10858112059839429
26382298677453224
18381595384321916
65679222036939026
47464747658617835
16374819294718310
53980586662231123
865458926077148
27902236136863361
38229257633920003
997973719820805
63599223369901089
70525738997289690
37353993894958615
1230365581860484
44302530887649712
5331287854710577
60899893859852996
62043969663822330
9911948138112011
31638166093237244
64774869064295152
26833796695031661
51531122876249921
35854255395523428
7336100721842810
51538416578954751
32993055271413819
11224966063645053
5215864509130939
52299218770220400
1052647698340620
64884880145101547
2682421015682637
21437204995599239
6106766553507403
48178269030078338
51914388571871430
11761208108777360
3810210678983452
23079244287671887
40449012982065624
29549917134212912
53107456500189189
32690270932298826
28430551636386355
42813792413896433
54793758536728143
45766591136657257
33882847471743572
15262040585224370
23603527304132330
21852926431723432
50474962654289070
304649256897065
15675060561200115
15110109286122658
46074437180887218
12722911287478025
1977148421170021
1351296752652658
50310007508745019
66833944580782611
53403697846168343
57607553026481232
27684502042052369
50448443231457153
64290884446364506
63550441117026859
20468134836789317
32096357929542264
50783914059525062
62263398579001629
10544435887719385
53335984270010387
6075038025468380
15787376849450358
27443327876630913
9194666368222267
58687871697484837
52487312119064168
63740265114900489
61858881439206728
8992250150984492
5588564657800905
6830265578836550
25350365257809507
65482681592246040
63406957135134351
10143286953901707
15310928755853330
61418202695435957
50856677110191309
13763784803717827
16187230044744968
2797180436438255
18931228708464067
11380740596619057
19444154534981389
46809774381365408
70802597101306012
31566791292798130
66764994484212807
46206443020498503
47019619953667978
65952988101047589
37943729110288020
65898762320420197
29886551589001065
483213143676690
46585228973197384
3016932324478241
25064003482644781
50960367376638363
31694417303406769
55075032233833658
18124806313013421
41051843103761890
32865541700391466
48925092799565950
49209427028821889
3928457930513996
1645332639915858
17600125051167536
65233847963465566
14232232055226659
49147557428493407
52371898266316654
23536363576826005
4982301842585737
11637086432407292
62439590120324063
31707023712323484
67062311342416814
8635683011202139
44681024544422275
29454655865919145
47390564333563043
60828606430041841
23127002590126203
24802690542633695
29664143370546164
66596236973768401
25396195059947925
22299625230156776
52205521675035487
929646537497044
13496972770599375
8257743680233501
47532768167410284
63535232661283332
10035081342244356
13372345232578395
24722859047891745
39377495224565457
36947315176754966
50320593874758312
59603328795719147
29847899297696313
20352201194284606
48898210683571504
13687084922264215
25388141777225910
16325760039944645
572453551240041
17956361043616611
43714566219147572
24705366566448052
42845492346021256
16926181751480215
45038268641179103
31427379622971956
4208676060783892
13466400963678967
71387266826186450
50322499077793870
57911935360027011
21330318577912716
65897320038077843
1710366545748320
33666597148417764
45913185515535588
71076740620995665
15780464935221863
50175717278008134
1943589681569231
12033473188126476
42170700406830333
70105113543087952
19174209795788586
55729513391015570
21247489696735394
46365684299467313
52557947779669081
21217112592061655
4976381387978431
23887949217044249
62818662439399338
59018212477336781
32633256534459720
42415738254269190
30896246623752196
30911351017555638
10109892496650132
18064920656620148
12348777481225293
24215619317376176
53568509961145997
36834406199458428
70720409769731458
46242042103821560
40106292633149819
37723123739143999
42088320705335685
41466541296304512
2503412638385880
31279952336146020
53012290581675649
47183978881446941
11256684019298470
52043682963766333
56236058881632613
37971777277506876
15195770603615023
34492812583979375
11896605393155422
16482729395121376
60169430863592359
48968680578816767
66966409798404605
9186170109758565
71562046640893593
27435595809041566
67993573038705231
65758470009827918
41405883144012026
2432604366372314
44667761246148230
27594278898422155
27822654981268004
9137471900957772
48709329548382562
14852807324155380
19685752242984735
13104148289595721
6474834654948222
71304249821762675
45661405721663445
43311624061039171
36401690349963440
66654195275464450
55367394700061325
59569524494444863
42020465039812018
41750286920935488
14528862605826596
22138283055351527
21619424433784668
36097710219343307
46294775795763316
14250125551816594
44215993872413699
64469230450622185
67961154618070749
14986505589076742
64258128751867950
14890636566726062
25426241595870986
41562653716561112
38837802872106507
23564148015795194
39547351948995361
39941159815863358
45615411491512158
7714021067816101
69894687442996945
16476986327456893
48567133142704320
29510052080088887
55433239130554575
60654581511713122
41884285850078851
13969543678402197
36400028341712374
7207223715469349
38251504689064908
53755517042095140
54456828917175789
389751763219228
2980754390569495
31057854268465846
69734099419102292
52053773881985656
22325875804951408
53267711177757674
7540513208728523
35414773743251658
11462331391413064
13988671725118253
48408184703801703
60949052997001037
70386873007750882
36231269841835776
5372023289044221
43386960094877452
38165616727867718
20849823310265200
52874915205713892
15762098811952185
22438141003943507
32318717428902063
60973508984142604
43818768883989879
39587589775952675
6258034073367753
1510334271925304
71310394961694855
14686798564653751
37937130360083455
55904443165305824
63764061479681212
17841902296301586
31799634597997730
33505421201777121
48124621971327818
49579774506340158
27434917905406273
30679757997690286
40383386939746320
50036753944169523
41489349734862246
15958832080872256
49960257671197155
70791406960408494
67145649152232113
8124959888966930
48341331534697055
36882195004734655
43326228740666819
53906107890666911
70453954971177937
22929392084415094
33462486566505426
50021554348713815
28062882250567060
10991457754878576
2094519270668316
3272514639790274
58875563191359902
13331757538985600
16913252485622680
4770106786322072
67850146299163241
70844605688843038
11044654500485488
23782420168830303
17623209063742192
41259445380089521
18066518534032835
60756980811755548
32031818197724605
56909050941787235
58406357957048577
8729671886767567
49246531512908394
30581272295239487
39040279286640261
5402015114568366
42467617171385510
6003484412751882
36536920061745924
13578072518263362
56604924930086507
10250865346817040
45254311868904988
31925563407854086
56723679030738942
29811310195715101
56229435809229365
60991464470080228
47122121963530241
30648196390163718
60980037485337006
71470812242408802
36084140585856174
36425318458314441
10112015636771492
59879416274829269
57108535573979159
20340039858126566
29888150879322251
53769492559463012
70201225942554680
32433006340571660
64489727605753707
31414074446944616
59941720152869828
21734056467263056
58778768929034268
24544976313805451
46387313207707087
33060149833567629
19490477992123535
48967582642184970
36148948033777317
2529549618249131
6998931606016407
4126698772339727
45637093749602466
6273713279525078
2136379560742307
40549194805625385
68927511447618785
55433851376982481
28470645280048736
44642035703462691
5292341149934513
16916610798018162
33672086521904878
41480701305282811
39419599346329881
16779022281012016
39107138581564470
59033100822787519
32226222146699884
25457424637098711
21031902369020049
38108491791078871
4180593189891897
13193225520478556
24692521044268740
38845760143867025
40742384865509479
61248092839194557
38991388444144137
7266318464575934
48774038634057830
14777727270848949
18737236412894893
45276614315938450
17045732576273935
13232521189282174
1347968253487804
27198720263083654
3166185797524218
67648729110523929
65951764178749730
65229322283878384
69467474752995729
18666565598092762
22737204334771617
40297994042307309
7835289558712223
39051090248064823
13233121948842112
20776200766943517
20755523435485028
37838824954282060
67679247912517577
16614370311930675
70007809460747240
63602010171087126
13443357473019710
14568901375296816
21771892860029154
9823698301682929
34004759102274115
10487120106300610
64282882813084722
44027737824104138
35224410991406547
57718036103510581
58913974033649683
34368917710734363
15398898395873124
14034321616756927
64454881718034457
24277842164697013
13597904656061881
45111471205424755
13956170970390077
20113023088411734
17087104847993539
16652605557526870
5692592178250415
32028089398845162
70737692800922126
18230672532411856
67476050473923113
36823516125111609
37569074362677692
38555174463790233
23254905718000117
61768473754597436
51505416445137587
63512471812348588
8513541521494294
1729403216815890
60886139265678202
36367004795129017
34272740023328639
43786088533119292
12922442330620004
17799894942616266
59721469863864250
70764698430442835
49285990320706579
54256927470320312
67777593218867701
14260398212731499
26672283617465345
22046208980512002
63584366489571042
51051343495527617
31202584367829419
10367225758627021
18802532491164417
11385570021963432
29191230825179292
57815475780862536
18770524912999467
52755128320902276
8002019535750281
3621962245631712
7815690982533582
39015759301600832
61198010425324134
65373463013807616
64146899711769125
58020673548611576
23646718096937724
36472786611466245
50396494781703037
12299094794048052
60896461168224302
4197283963191480
40261407042072896
17143716452389910
50001979649233553
51797791323421366
37178881416538423
50346510531114070
14583185528612241
28953193244016035
56677483313163395
11604328728468849
11101321970079935
40847393758390060
62171813152014525
22537156887449388
1823120617802768
20215861245096550
4556253485257609
2190114063181518
16290182524719020
36155761152898971
67453580352323082
19342406380304835
31091921014801073
69404610350527256
56183757938082708
9983281900531725
41379231761743487
65177026777824480
15009133344263801
555139019858410
15661166649140778
57642642447724843
36853051357499696
29431171428036926
54695737552353474
12230860184818426
57396854531111517
41088905899636189
2414022725468117
44751439541464616
34032097969973036
52598339635621148
63475717842569042
50055723344257473
15431319134212080
34428638982990894
38718527038877515
18573501866884411
69834056514094864
9222575059452672
36611772542289543
9240326453235916
55938406741837282
65421630626844612
46984469264706555
49272623663935228
1638225905990843
52770733668190559
64653187546200310
71471926725919699
69240477022998363
45327122727275761
50997766955858211
48069383385701698
17176506071840906
31597685943914432
24235037680135058
68739401768772453
51953007925746685
30531066533681695
66711562483509445
21303695176444147
8978567603750164
26776402240169055
5976602009313612
53021752517861235
21089391694165290
65760795688664797
59588613473230011
25602451814544117
37128914481838670
64037421982417575
58773367748547404
42721530974275135
3670474118760955
16725615103241963
258500275382765
50696417846960654
54133910419195059
19753612636058680
35303048444623135
41496266650349997
864912780352971
51426495418449295
64537560759225989
70821093248350307
56019323987090767
36796867059037218
29398574376408521
1855801677309636
53597283490933275
70310228900537818
66813760474894288
45849069151104486
1596204600601888
40650868389171708
43305882091790811
9633014063906459
7370581620472291
7554599407662100
19527237029318535
57821411059386351
35204490948595667
14889263032387450
43228566828036039
6467531658730728
9138325316584391
50301973655080349
62959058387144364
67319020960110632
16156757109630540
5727640322028281
19989556558254448
13513610854771895
45166971741115586
37926336554109031
1611141182333371
70623314037529388
56306495128359897
64924376745926123
66210647135886431
38660682515277552
49253076822037974
44663029469717072
71550507117151000
5341603712642185
41442476255705388
38931542660675280
47400550157877402
7924980879273200
39864868946620841
69030303085084069
32757788378828863
55585719749691406
60200515962749326
58420051484617787
42021663194734070
55837275268239780
46760322439314334
45269824327695015
2844510337092383
436022019237590
26369050442385782
25212812381289190
22400137801742252
314426943408035
3211030207448646
41386417137111037
31035312888226395
62029507720066031
52883330857519486
64472175120304545
71535961719447311
62755328854023622
40558832037244191
65159267049472995
49062621750933617
47943111936517968
21973914864339411
60082942499880147
44787840026981622
48858495989093455
70892055321743319
4667225914205056
69537112710723457
16910925452660910
19645358659912323
13393245653775665
10166331302919666
56902821528743695
15482271722076627
358972276573533
63185775846688586
3840234761219367
47852578194178301
44325803780869228
36859556046206094
9538218081776543
58401220538126585
16235806749351169
66300961304367770
21291889032847368
9720245617182954
38796480469071781
53075453782589208
57081980754888947
5246164107421164
18550952003471789
8546590890598583
61705395530235616
68065470728167976
13073520458900543
