19217924830166333
64792753679538853
49289145491709900
10772116762853786
981899284009155
37138622029931154
13155722603449297
43681613280535974
49894800682785116
49405478215491624
11575061908475706
30253077234045270
60180484993057513
7313915654710541
12800367019657411
45660552760951521
56025124591667672
20006150620100883
42226702882503707
65874098228890243
25970474056299646
66830786279640216
26225827413108655
49374368146087597
56097340778725629
65851754555929712
39216610366860136
14099465109653738
69317446612339846
68889421318084678
26753979713860785
5060317117883146
27658568975321316
63704115315285773
26686542701077256
39155184006893331
8334342134350148
24696402834344067
42017800348097542
35345470326657888
9351386299358081
18845822916303671
61032963361362883
2207475440406103
24000149493720038
65188566521541611
14847893732380742
13490819680875870
61503062249525341
3874629483632469
52242366653844882
1604269272641792
40992525602836823
6566594728608047
49813766902450235
24863293190287817
58315368994326447
28733574967630007
36160247849898098
23564554996824706
67383633451826993
65039769869698254
38129167818050857
59491069552912300
55857589062867365
37273414485020017
50626436238679042
11769440652458997
2123501539444822
62545102969463519
56892542357909146
60231751699222998
20826020920207636
45633887164584975
47024498009796814
51516685379773986
65005699714495191
34155263282704916
48376025956605336
24533545253247926
63586353214029087
44765750809562111
1830896111695259
16072921099521793
27368073055197638
19060477008033661
47581393692926162
38872670258755110
68090165455809895
71763810810286932
35378639415966756
63712374907071483
56603250762603193
36087304515197976
23094395247910963
16483681828492479
67204525841950468
67298780503204831
2354564522746804
23592632489955411
52122729361721056
6233073331234236
64040731253329985
6152658474523553
467967109145375
18021512261155635
8827486975058298
30858875801286750
9531016109156450
34279237724152731
35220026316826092
33680566389704895
31252991928527582
70113153353502351
20716645758210848
35872887407980465
24651304184097917
38572491546497662
8123670305097202
56364168846524115
15061132169126976
67276098201919560
29414868162235780
65006077449735228
19929615762418343
31315189417728425
15448412166204831
70305825273971066
36960824481382309
70685106699860546
25446376068350267
39900122741131487
58094737462826360
4131280155329925
34535682433762203
6237283857141014
27818405309895911
30007886283691793
14890915253475743
30601723093511833
11245371767931743
62940838026283460
11528295953271597
22095803731225621
30452021711858416
14471950176213619
47256947436554694
18762362930777763
2293062046817356
60805549947977106
28007691391921300
36817024791726552
68773352612967866
42372490588163724
11834195762270410
8931236907550278
23253067244807512
1353359858461129
39089544715078832
14043070451393831
8664163391498383
71801692816930261
6750392800857294
61532161044696481
68201926588984914
7487605878250995
57997601630373324
66271900541384788
7943779428105507
53030184432681772
40674227793017226
50809037704937608
10589770805157298
14532047266243891
55348195650825893
15622508893964032
59973970256796694
7864199597340731
39026423049922714
55160540465034195
10315874631989550
29816505887910059
65104206673446248
14059015845767260
41984791236431759
29971343075570204
63011242119746143
69174070929455006
36520331825657401
11171525496323460
48471804893515448
52673256910064891
19253550540406285
8746185767207908
42848521499551991
23347287759785384
43200684335866803
50485454908478660
15680367994773588
11640655299372584
14555739862930186
53209044325743052
62334053158466784
56244609436712724
9090413906525796
50392642911072931
638745959743841
27591883842312589
39048620377947824
17884727368297596
24764448242695837
21667693564491756
23122854941568245
14520342005519543
46819271861075443
43984558884307843
66094479427779162
23051551875432293
68472148776208038
25092517726482232
6307740873270075
18639556483969579
68481744659806471
44062965782289698
30006267790390415
12934301228366824
9674350562733731
64377437823895622
12242170625551754
6773000039512121
37531321122873510
22677035671288827
16516751368572219
21299432757829551
45403990699143075
42226351095524607
10023675231084129
66502742861528329
27029645206925796
48001192102857567
30542445387139748
6603651641006787
11256300410424664
678992206051101
21369741950217604
34610263803983222
11817818427041061
14037719776192841
65599733844043094
10690118788772181
22043339073134592
54879046436103564
63189664561163456
41651108933943904
68965268580636343
40349875607542974
13619113993615920
68530766878104215
17960268018303698
7516760567137512
41472702858061356
15191107203457161
33073286291993812
22567661695835281
63244973007937210
48156533330824181
23517888479285771
40901224902246675
17730553258411512
23044695054485146
49347616537802250
762381971006786
29311845436937689
28062461739131812
1463360023693704
9577683658861778
48005134684897812
38530020679942973
70494040446299240
7144237991192489
44573833355728012
59943876909066279
15572579646779356
13456681741438119
41240561463575454
38252514625972457
22428117470508040
19292344524682984
60952176657410482
57416942394347191
61511563737710558
48628570391754652
41782569155711526
24110439411336879
28002816340209281
68188430853298396
49610422866640311
36904115706543355
62161467972097851
44068419831257927
67882990359569801
60597668479104152
42240120631712257
53878453615797339
10951638477349836
69878275071298584
25046755626653129
39439962587669459
37607985049326858
42687716330265716
43242597481835409
37303356859834017
35299551909525064
57123475796843448
43234454719016383
37886593151817200
35832249825976722
50435585736772125
17022103339632825
24497488029398048
21441688606163957
21103708065952782
16997545482010070
21953551558018777
42284196901419863
54514448892714019
2546056315982643
34177352960995234
51483390144618694
66918730535131314
42786201438921210
51012347029303721
42744486285606723
54994895122968630
37063344854860895
4946990088386548
50991703864274495
19694092503295693
44377481791849048
35693242297525330
1927587511353021
55262987085820596
11880779099740651
33463316199183098
56298151669306918
8124927260660425
36904278221198019
2875405449540432
67605451916098006
68399899114831725
22188473095071867
41801042952919497
21581687284068436
28796154904938260
7966266359226381
41004839210360245
33999094691784581
42162172703979745
36386916638241887
27215025559449075
19022042664683662
2400995394493928
57163231532499487
56621329451339180
61022787928475034
12224952709513876
49716396555783214
67252677278300373
41118933867391110
70884131934357946
13082825954602280
41522120553777105
36405517003363034
13569129521593328
36914827404395765
69174055698561675
47574575883515272
44197786114743217
52481663244830592
2412372540774573
21597842830254059
46350239612853180
16255851958781005
31447590411939048
50000663139125177
59958918205400023
42482441338151358
20461230350503499
28174256653850944
41082199728644282
48679261605190624
38970810978725952
5912919043730588
52918816600557500
58057742293660577
10014780207390552
19434284481208253
27971458371815505
36281937395846091
59634729987267979
21838652300732742
34520530045913627
23988617898027879
47591622016995706
31909122733870129
23719082605583820
63550767302902857
24586341262225665
44317613109124097
29751216137877139
46358280055584515
51234238775438234
28450681651613498
29542683476480501
29078901176440068
48388712392176863
12174970951705823
16390137754865297
66803038699841395
38553905199075907
21976566779427945
23678782355312544
5051059298006460
35611255476780996
44256400362030964
4051522647444740
54896547076703692
7741485576279572
62641360664324649
45668710514309526
61119174772912317
60877706243032143
10682341367600952
53497171467883641
58942370707296077
56790642114748213
55116337344864770
20470689402666732
59712232527457823
52893532432966041
39902862407623099
4585123877892473
13134123012651673
35941329003687951
55884642031309998
55550439602177668
48910360810784246
47638138090419261
10203041811566886
17534399864797543
5270172885131234
15178253447930006
7468597417201239
20974725313408481
65665517828312254
64947825803878760
54880140416327872
46553544411536730
32797571675514158
58205149243793593
52990031076944845
60621188089328606
48143530437185334
5857277913052176
32410856667891541
21556742063765773
37335465843764544
50646639410508839
48848845958085198
53940502619282413
67713396620341699
12593675824843972
2764484093230806
6932504205259694
61051696997237042
37997914552081987
51061824738959206
59975139325941219
53105937715861502
38849387345290646
56077538439679188
23147796535809910
5037412364624353
19254417181470849
56395503172277194
50616046333360600
24115410120791220
57966032231884298
24853780801570516
27385084441395790
572435983065288
68436921643381150
9435718550473651
26276074489838901
29445155963369243
44727553147193106
25372443986664415
20467947446058116
46453134089149698
44736919163693932
33287713673395177
16746407613714313
46972878965790746
63637555669525103
30860925735289346
50328257190352954
23358424946192178
70994653403157525
19610853135230501
63298392641281562
10449841880471309
32461133047557769
55570047443993976
44688481448909290
48425920249975034
69134862964372428
3598622780501369
16692896244704900
52836050359268172
48213959625140677
49020539930545016
49319459773436321
53927067235829305
54754747548169851
62857209394528056
65861776299652414
8134198020404225
41505613415701055
50484748330985048
50709058064877254
71243246546369110
35463262656492120
22061647105114338
57875443489062661
54343119209307796
4963972064524052
24971236601976469
59363563131789466
31967468086681253
60950826651264636
1705306020121529
18088588462306287
3101124815224175
33703661040668825
48763137297497539
62404925254855176
33973158128384967
8147590518953207
4941701928900479
12172752329504345
11274577812919587
24794287270510570
43258039920865008
12005681395444015
33438579725598226
14268231085830457
44152655770483369
33729164898197325
6288371516573554
32855449879157103
12531290053016480
5978321190159709
26019339251103134
22964493853239660
20897521441507485
38193896578899711
69052973146511084
54119325830719283
30057172698152991
39264965702198984
26862798115744271
19640310837209855
51911892323410707
60101084211076474
52142208543308898
63408475816337249
1654375063586252
675737110292645
58963817688181686
69343275111655929
6473188538001570
40626099503345253
65283501585402124
16394497377851353
8803269674041813
61934586397353104
3102570373792350
54186294142236107
56857491343560173
42640194225417449
9233080878491578
70987324554101101
68689205410516676
53078440744740736
37674837531741679
1283132055188658
31302503462797288
68790358861363927
10143571768483154
45385953106937947
64969500032889085
10336225808300453
9517849508008215
20730399095449774
57492995484069589
49071292059146906
58471052929989422
5462662946453261
71101982371531635
68348050589204206
13286237024590493
44598829861565560
34900964135413358
13898245912822634
44582659558451267
71860425913516342
46394624450832252
20794903048300462
46522524026977062
51716660583820905
22064575491803966
64258438805474836
40306119456862629
38089217856971389
65193207139962725
17776376225154692
43336510147016308
34969519228226920
17307791351950651
42129223512645122
1003140298418024
28589281830072356
71513120666212987
40985851637003745
31815913798322104
67448148747095627
66179687240872929
39324531682230705
28703270210850157
45990404771444901
44715116776750885
14751904527285371
6083799780137484
19002208214092995
27343466341870564
45836168851313105
44188315722770287
12006666035699930
6076166077829089
57376264268853589
32469903132909319
23746751854800589
26208118101986694
46727079757189004
52816076258549522
69873538964610831
27621267340211090
64229738265413954
50698285815092853
67999303922341924
32614888199630395
364420108017284
13635150993929139
46135507092468135
62641433915141222
56745320476769381
60203851631243480
64897340312196634
8771900254074393
26708768162093727
1793030994172842
66548363928486088
27282390011544320
70617782025834975
6744903282352460
26212793770779783
13658721770994297
31958221047868916
24474345424361861
48069213547583682
39475173631346580
56814560595697483
38996977720375564
21948982538748154
40245805706034169
8339286159892300
34590083776529753
7411928504522115
51300849295297331
41131702375544602
15586419863539946
34480543403220870
18602290112252479
30556575507173360
19733620879320762
4241723030294364
22029860343376465
15807369150570665
56473650350432750
14946236958799611
62386383016830011
51271307239344254
29890674238975015
13872342610746471
31460137466631313
41560235380550253
28222315987410116
16617507986182289
3550032294987770
19403903522644538
68764968490968109
8851623520551448
39981374761424477
32732825481906054
49837950025833090
59790454174492173
26562505009125812
32569193555947948
93551530111483
60842707876605595
62393591169478204
647209856881945
46753391476572646
22907092369644997
3730253168412275
54629734851840682
41325853522791456
44961634257261893
21842073970985230
53585202381382332
5028354720608663
66343563041547757
34006608939693968
9626462203189560
15389322230924177
45804358942580
68666882586356758
38281348736654633
42748661478130433
60369305915586119
28120786472396777
48113083495690049
59020576726497138
47140852179401576
24763636174523359
69391673319851944
13810432031442038
23302636253848876
54673174426920491
32179941821346683
19382635978639373
66264163366013063
69758610266463962
54012645936613729
13294348539122113
60173468474943416
12845457908500808
63604894683038168
49306455781940998
37168884540137152
7370902509286095
28319187897374453
25109758834306328
43818588481497076
51016800201568633
29764504139290819
63552255604214805
41295567100815959
9072373650946319
32048893700207767
33857621074642964
71157568852543476
36041266450891023
61058225916530568
44486940168087925
37056279244901557
22478759508875019
60947086334338335
65177857040683462
48181054410140082
56193786276560433
69088068574158298
8608319995127954
40965215789049777
6026656252239697
47855412134835384
19633085126760427
40364073666532978
56439780773305683
20383342576231559
45119780609863267
14061572253297066
25919677951417578
2460049613120410
56412936117556435
14109906802257061
66136590586301317
58093715193158573
42193153111252756
18061273961404113
31902247922619631
6382477866348024
22692392068235412
29064731275980690
62437444137129127
2700336208033469
19920560223482306
49373621277888271
20484642894380676
46301161290245669
15220937644536649
6464701598831505
15656745632450746
61497037864214396
37968028405347604
12476821917023189
70239800239761419
14259961965418292
40665999483310989
47313734419770146
67129354454658944
33401628891431485
5937718508778326
53982264895001331
55583755354936251
13927921045829992
45333595791043284
42800652722333289
26919742380397084
608405467711784
21007095757909499
67062601732830071
2314306487702004
50662386716328878
37263206749186138
49178893699942865
5155287013753993
21242794757369326
11051884890550281
64189904431922562
2121092235841480
7163299756862101
30198087704419456
5005211388450720
71261318625536093
9002231343396632
33892797747624170
67422740056562475
23562767848806583
9579054091666477
67634058647771769
29430854851376551
33437112608113576
58639739878769470
35837755876125416