53295835881618508
21524058405934926
3050805371360862
45768538238520265
56661108161921677
2135047529277416
2135047529277416
1911343624441437
12231544096052404
45104299259467366
22218966388689725
517453086671514
48815536392499990
34429961038727682
66647734446882310
16471519272060905
48976227203428731
27127447358059059
53697601723435147
8981227815720204
35116791907608909
11874252353466469
23484847504768205
39023890840208765
10741091548027385
29195987083197059
65266756318187150
1931037287459558
1931037287459558
2334276998450282
68437109220917664
46629374720083542
25731711930596815
51737107023437908
64910575313738889
54900302818181754
36319830972593153
50201903966895115
32338211917133256
4208841225215712
71763810810286932
67908557464448926
7503566413749235
32874370564962210
40468502919910388
46023027311928862
14819787164502995
8116792664359849
67337799462256399
71208440662682926
55137475882192824
8676363345079392
41228676018429540
37494506460682322
18850167694315175
13778389952963406
44384450315448120
6491687805743913
56019364140041257
35150770536114195
69858202392669780
47931755217693300
12230571636239922
64705287377960972
21239563571834085
21239563571834085
58999606802857888
66191028275418950
70480481633645190
21727652065573865
19429005738572326
30731456862279964
9546211590069761
58349566728384453
33666678504801754
379466056274101
25489258878590110
43472427638799679
68798377122760225
26257365377629881
22328556318373924
27220069106600682
50193280705263642
14663058283318471
50377086180764587
2786094660320231
40004508916605949
40004508916605949
38716226216369056
28593434160948209
35030544513071961
36830514291646551
4202223580392187
67083516977047564
28570444064425663
29839331402153595
4325911723150569
1771069330721898
26972528518663385
54424603805821073
27019517428615597
27019517428615597
32080380326575683
32080380326575683
5648656842888275
66252526996639483
9807139177747641
50426013665901691
58000772709340489
12660940572636629
25129304172501430
66234625721697786
42892937789646488
22542452157560209
39989648862929473
17254092857500587
43667708360002073
14364842601603807
14287519754604365
22129017544200
29716513021318095
23657236334749347
726401865204843
12964716133621704
6803271730717705
41858326436945277
2262715289665960
56449205771773651
14865390259501860
25972501115747374
12041217376571987
26142199530487668
38005238879860126
24734871905109354
590761101519570
36675444072965904
20911641259091017
61581369333689993
44678870441030319
46052543236360331
1852132120586484
17237314339763699
36110870923892956
37350268082014292
71186910349639777
50722377181482963
62221150547292335
13010835010902276
12088545433107773
23552683239901730
32679348534913643
56548703678285738
46528981755590638
11936058301634784
3362850293262749
41673962293011307
46262771961973371
11372565594192822
22026498789176614
18154205800023055
11929836650963758
71980027636215726
9925324137489171
18079534829579164
21533807502850906
59235923797304333
63452629875913229
48879205486884942
24082902657114448
51063357877632134
36667862403660976
54299437423394846
34060717549874029
39187257968665377
43151287918498655
16630588761222078
7585208964980608
54711449369613330
21173014653958212
63283987909444823
32228672111987764
15224214406952218
26314668128957507
43588544194911344
42538255636473499
66766792660974984
65025801939466586
25752723009842207
40210715138931726
49613772749166261
1723099959084685
33299917803447720
21500060221654011
66862855436943996
19120684319502050
58844198664910839
44723997362573824
57789973477176391
12066101019489029
68002468728896305
62781722479769997
28918651040038880
32137835359818517
14983273215576895
69885094622785625
60480450687826144
47573785072166899
49281976026703758
51223970438582603
2122354233695079
49361140703966185
19528386043823971
40756198483612224
37577414956190228
17962922465424480
18982971907252877
15467183288337240
63310105340116493
11048663299859339
47827701898502941
63231914772162120
16566273757667380
48424973017498692
32794759319236248
11183410572675415
4351174618872221
23458117616920867
2819110578357790
65932581790240568
53932269673520256
20593887444073437
40750005236994995
10716103455591194
34774414473029882
44969149970836673
24544113280557261
67682387713029178
3037464497437282
17861226991775136
36927349282989093
4487526310579037
38286491789910203
44558397853347136
62213941696841599
53536131398384570
31159891095753824
7486145189544149
38731447675523625
34060949638085542
48993230008229282
63190039561056038
14153483684603257
20300372560291314
9171279728707865
3231489895425696
68629328102697289
45231878301843366
63980768579123165
62976078864310826
10549251453298737
70885929611298658
8619939875418811
63950064557947536
28393053173456669
32768389062627654
17200458201581900
67424359693542598
32775115857585121
21825376398132736
31312374884749268
27441338542049382
51425045171148290
49833701464974054
1860384396424573
67491163253346186
49163985123560149
6393093854932837
33124462307941707
18951131806780945
55622199783443721
3426578415893871
10157407031358922
68215194515227175
33505686728824629
33505686728824629
33505686728824629
61652414395516942
46167643644457680
66183408418816482
15087647672146929
23142133203996048
19717343975708874
41013876011050911
22096199430853991
55490250330757201
17080537778426884
10125150304958552
38770731314949641
6544645716121372
13308396407628501
13083555452743181
52139501202126140
59887874326934221
48926251886441092
2705253775088582
15581863918201593
20272770791380597
3823146019192598
36771749618541632
5289443384174453
31615603316629399
38120590980662635
53482856220074779
48711738663090812
30551124291517887
50773402681099358
540418221098215
63552922113415543
8444217089800070
27576096486410105
27576096486410105
59126748623623056
59126748623623056
10134751929001651
10134751929001651
25018856872742529
25018856872742529
10677799813511467
69848800705652106
10018675423568797
68708769838923502
67073295895957349
65614373112361128
19475769871065382
65143045585577413
55163494925650570
10814667772940554
66623036435820019
3727693296236633
6658301253105363
36600889395640293
38101196401916411
62972959180501542
26601876609464268
23628442955387175
24832054403183361
42201186298844859
5898511005624629
5550649038347558
13628968289488697
41317265011382362
8632180647649495
10079795343879888
34529951687571743
70478735089816939
14306042760194272
22494526379345092
15731047379849033
69259498999037661
15386033251001077
65428095587909727
7502817477690380
66842081487196389
33658726815807637
58242024190036642
68604686987554533
2050740941534952
8731565448647588
50545475113911465
15868116507376197
55646799440726929
34404581741939737
8175268772799530
37018498887928862
53249498382937694
64995030083251905
42230292145842208
44166254491540191
49384226669172647
37451083085805929
21420579611076234
32669817266382439
55042339780346549
4548649177325855
28678187324376436
42965645001665951
47752890804996793
17197203950543191
47415456025309183
57007700552650971
36209883286223850
64635313423278212
55205982891279789
49762562284200125
66974398910717440
47134988689244518
36611841921720250
25896842749407120
64277529720340548
58330599921175874
59525964192678026
40029719755707991
52189622823343131
5920319552619760
36019565007303075
6700951770411072
43356599956782034
29075808594290931
56572417882819500
28711499450482077
41733197666474598
66733343177003497
29184718087541648
15673952022915263
25879082553156895
13482565247432073
20044076668988655
1314853494617240
10168197471714005
65836038919989820
20622681776256207
284184891779325
30561102210568623
62810990108260391
61992978919342064
5783022996598513
45727447257267582
65916883530316213
39683880301779506
66630516232885208
68890878790107680
43501047082635150
64788555130340696
55500657710269413
15382536693247714
35955196754615835
12030217243155821
19174812964848627
63349738932971032
44988096699281136
70936190820951668
8605864619430858
29628038996571162
51244286061307960
43124071611770324
70528526190252660
3388451018224720
6912445055737597
64124003812404302
69377916525018465
244106582239634
46035314754119963
14318003495049441
43455612336353491
19973823563902014
12639781184165880
45566344029115339
66546619320950880
70377620221709663
9446254658865991
18733719742989734
52206600101613041
43218203615198604
35441739588843212
55943815270366220
29112217893232632
70335773040403695
60223219388657009
64758051860621791
52675650218385169
25328018826422512
61399677811943715
7619581461589857
38188825207508209
36293785932444419
48981174642799639
28193210058353265
48711126865295010
44661768248917647
8279693426955446
62275280734625819
64716022759621618
58198007384583512
23185568638908069
59735609117437896
19853987870179776
53374821490063799
31435545119454895
67979306676078989
24295112928189202
24864955678633428
57027493672958737
15092520257063028
46270513972980340
18873298877346976
2362491091971813
63689155520282158
20278348345530119
25387056990464790
46283436827697755
53373305024733919
49663426403260079
10681482576452029
55557065724040483
45736528102248622
27729386420118206
25661711955019337
21770536721753496
55274159604040834
16139613752126929
26643740599997035
3679885359158219
54287510798838485
60094778616664092
17153727206566342
65826018889855636
5818838554339991
37868548258173059
10814280156273322
60766200291064340
62113086389760694
15406006540387078
39419948282087552
43740308126125261
27582732388235259
30756584974640550
56480311926779560
60276690980289841
56772105873719945
51758790788563333
39722227263011028
32575690244214247
27971147929780521
8070721159703323
69375777591993444
59957747873181306
3164894984700505
19216138630342675
59430351461797798
14061767679814842
47361534526555762
4039883656662701
57632534063673638
57822184818053480
34731841379388186
68266659840435168
66240430785255272
39138625716435390
62074720294882247
52807150934521568
15231094335720879
56301714222926714
3852548583453231
3893110467363738
70657803623349012
59061939785593482
26090464295830176
17318451171925318
56366970483082503
56366970483082503
