70676255184424816
53647874954005806
67868738676326187
655060129740445
63830424809501048
68644622102682218
51429911704474163
27405735172634593
46772701938567445
49352183672372403
39751275523025334
22811176775480091
35331248532537562
59266699437480384
22259718159702272
14079693677610396
36773155987365094
52792903131341205
49502666250908008
70270965300262393
383529400851043
18599703143458101
58873907630765023
10236455588057352
49641108336531623
69847139870135237
17617474823279712
59612098290740355
18621338450655320
37661500521100963
9987529074833218
55254206302462116
9956888831468521
38738476064699383
55127657985997520
64375097205269506
6506179926371994
31987503418964901
51106317433079213
18661507395759423
4394160744086761
17232252152159494
65663173216130783
17933573078185644
26882843763780650
47797676603278665
8646067353086740
62952165421099192
26711011601058186
23891830829322971
51971068201094874
48780480822364410
48517714910707769
64619251116188373
46752599569017089
54369290104873523
47563321799863211
45118736321317244
33629260529503413
5599691633622269
45452485689363029
4795530891409462
34557241988629814
29882244560576007
4341085373810698
23320741230037790
41625340598198551
47377315952751604
69454539056549106
46178280540110577
70219663893822560
62107151670661969
22382156782768756
7628308021169118
71068313834275501
39807886630843041
22086876724551482
48261930411425125
16553062355259729
37114514127305200
54493234408301135
47711486462334897
20453828618330936
61792732570093263
1010647938388655
12746730665870442
60289595205403229
60523145697836739
60636254726285741
50247622569476338
47973532381204870
72044846109864381
68994573424108746
29242941150825379
6110133418282108
23441366113375722
9481703061634967
63580313877463104
62786156501584862
41935584690956944
69143674941561637
57219771314070546
8590994832698963
12638840758449459
24079409192818584
56209265710160145
59607545337891226
15039949673085566
55289848471625247
10120557300120078
38196133309450513
44052047028305231
23214828924506640
48149300900903755
7235435095059069
14419337127600051
52593789542874668
34552750623263639
57722642338781674
29316948750916349
5938543336901420
26316376625263940
35725335527952211
32784604551756178
3681415009616010
51459202425114449
50002340308486819
22560050433388046
35543935713999309
23293437377896568
19298748452450329
53204330224889981
3839324986781871
54509759694064219
6274378166234446
43062880954780884
22308305646551497
1301069819790264
13205142633737582
66127247173352975
22276798221643766
31400839654504249
60938976068667707
45062188442385800
52932092555708556
62258804563636993
30719054967088301
52455922800537930
3654864906585643
66643284949247248
14825677919842501
1305902643160516
41781090739318251
42256988946157416
60162288821230099
22427604495160869
15826229869421585
11129387075131725
25357135030606405
37389789764168256
66315581735594751
29758477602878557
17800036702302776
40650252484299134
22215980602177059
7424617629476020
7503669593172728
16693610252404739
66456062140680461
18568733593280948
68909035712962732
14744445176220774
53999651992586159
20926459161497908
47702059190622416
60887982279284651
30507152381699953
18883380772506226
28854105556435129
63481599728522324
40394021371311628
6043384171800349
64707090254488560
15726796686853780
5895320180657507
17939384202383793
12965822877128721
3863538898378476
831325835570803
45066064863062755
63315013743060811
32845891587040106
32357363984168442
36224343915714474
27096851668435724
39154317701922264
49674915481184052
23269285154135003
23936607891892333
41122066907413786
12329519546621752
64358061873294912
12329915567896606
28957320033282870
53113471126689455
24254843881948059
43023243844297350
62884523179768200
56798822689379375
44625249840480397
21432551703060846
63704201144621295
917857106093847
16369313804633525
4885314541377431
3722699128879020
22260326095996531
28572273203423761
28253678449273505
71343531823156021
30443839313522574
70696964391514109
5564768007356822
13281937213456378
1625149423498289
50587892784913370
35424116338766901
28809886765682162
60610861509165508
53334304751609770
47756003257788498
42075223783409640
7483280423474368
49270349234092953
16315910303613772
67059303301834130
25079426576214829
37089148943784077
26824673819862694
25211433301660888
42354736493447489
4758266259250794
22903901709044823
50185721305191887
70289374539527245
33783140337377394
38084304113529336
40003237661553472
43552974795606067
18865378787186640
12752224677923341
45895339414786358
2589887561569709
32821908911812078
44891482026867833
63915926161403347
25165947991415904
2318736941376687
6433335428452486
6279180934042367
7727396367939916
58180284328186631
28033133021443774
23049019886587905
59217041815333317
64842837716888827
51922189364308501
51073428633906823
29527985620948695
58482817740704549
19257295292088310
48990026850202503
14957056743925737
50117925085549635
39436183727126211
7457232989848872
17330546482145553
57273529732791251
17834623106317041
33716211077781594
65883838195688438
22956708386610464
31879190587976736
22645269567765904
61332057061846617
68863997659126807
27299841173245405
67988012428906654
12387472624849835
60451823714332895
50100062518826135
48511238766369097
5305844922895340
71510396252618330
70474983732269112
34641719089573667
14985138705106402
26114418513020265
66726992874614788
18093681647131179
33406621820337161
43374709930371268
66450490505950110
69540585676934415
22255783119783047
16567465928886309
13243992182070788
40262275031537922
43450146028916610
8915450910866216
47348197320716810
43622578471330344
5866848234665627
11432067920374603
63084741752814852
29966743195510975
33603212156438463
49054891736433700
56550776668133562
18303237082155264
64289770858657141
46801030346547943
16762873668858938
52382684379473036
23353689102956991
20024911381434086
4384288570322406
29247915161590165
11282920140235578
66142616039907394
15374483986949695
66416853783916493
69090868458637360
71483646978964608
9211775239375291
68941822863885255
40505767672724777
6905737326614124
41048299027409941
49854144784855542
3823243780502959
33410001534682920
27952969918967492
67126881188552864
33854964748757477
6478064539164167
13235547361447092
54482686501491508
33420285433308219
25180702353416009
26547785441834730
26259366519412975
36844527173896115
5427792638736934
71290297158948749
7300125658580126
42599305106713939
10024128313803797
4507558419857064
5054819322815158
14916489896692147
15582754946564355
12303918642491681
67170215467608124
13151967913317961
64155926828410021
28987829009893424
4563413583000719
34890845654517313
44802346787824971
25417476013479486
15949743338644220
22312990497291517
53205017282866644
38179358042686391
32347247706508046
25360782993370900
62558705479545830
36531083140502478
64298008532791199
70883594945615893
24807173016704795
61310599391543522
66295665969375744
611986653700161
32525655729432562
71856634742001725
35669480110084448
27668158733246204
61436127547874135
45519261544951819
29590002988360984
30829203706095076
20034264486679145
28328083629154916
4470657233334072
67327029014085707
55959112038778737
41974758296041288
54135748720267868
64341992373049080
27000326841257664
27218386411183410
35948133957468680
36711205224776612
11964419322927535
26997316501080743
6757220448540984
10568944722570445
13227300125161435
69456730984618304
21096748051392414
52220424531578944
41227201752535311
15521712617204216
4686607974846832
62422436072345198
34721884030854211
20603404633598318
4528607775462304
60654872678917533
15930821245168534
23742726069035026
65321970913593427
15472396110662150
61664227282090067
13281899956206287
51390991364277477
43002514582588115
33808206014018431
10411612959317157
43913530989262989
58035444268544991
14258394084745667
46741025610365786
36995197800118822
14231831499205396
29747059672582491
41284516796232939
10171945867136336
37281199178613855
50732326426469382
47749661205825616
5286237676293152
40012411719639360
14617104402836487
28450080638096732
3833483672193514
7711282667602555
3407806799514469
16959429956899455
60247433951600827
48753732042176709
7632696113249142
68517032834363488
35366681030756042
22667016906590506
61102694810476197
35178706978554988
11622051128546106
11640540339380126
71957984642204570
20562694899904339
14522053794333421
28845264556937486
31920617569703557
7745894403636165
51617145873056483
34066377223628725
49831372632909204
31049085025064185
38555056423456635
66210395067138534
67422066034966650
49244604018250364
6116572045021585
70934270174405743
40611478183231802
14031158866706953
33683240001985963
44013656953678055
40025799067544201
57157873359416943
55761337960556026
65490886290565185
9049928781611298
15282093177363578
49188729526980541
2400322364771558
3173544097113770
59800986739603675
26785345607979150
30974710508383145
204092872752957
18346219759153870
14733297998516697
59961449322636291
21607242972640064
21772258644715569
36899214178084525
16673205196919832
67965884006655065
43781018754867729
11427387039523955
65122215875355555
69446612239102459
56574323121551263
27308217070238237
58602432837130018
180774784936665
62177651435283872
1050751214677134
24696953498398744
44153164692325703
5987841496184505
56429431740318486
39116664428676213
26025177574491991
50357669250352454
59522975635235187
18918866105569545
55862580907068610
28251956446987982
29915504190030439
14073782708315535
9098178887955847
3493306453706327
38568786927478796
35796086458096255
33938004134399485
45392752356003555
34213522001938649
35158826900216508
24303422207378456
53350307353645375
42387718866026650
71666521540545716
29650505265356603
17059960254855208
34032872653290886
45518744711972166
33736447482634583
61978776664766359
18401147983387689
44850033148208596
2254054929817435
8234855558996646
2434703913394836
3492952121304423
4369934250728330
28672095850798501
59921975187856916
31791737198597563
61506294208022391
20487994977117557
33611155027418901
42473759412340389
51294484197536070
63726643062235454
31316784129157162
48547721315602005
71758511001096824
16410724132711490
62404730109947970
31024260997481994
57551382352708199
22299894048845903
14312030900097668
64843936383937546
57300230097485720
52975109254504632
21501758781665781
59461185672081215
6131290133202745
5516102131364383
42470251469508137
29631596152440287
48619517949257749
21426277483799140
37842793167868642
24131253368329756
347802782032969
50652985928800943
21940781391333638
38547060135156069
20865316761157979
25244329144808274
66701874099226162
66021783818850713
19367527798307032
70849059438036431
71571639927013317
34673681828119297
44296315953738727
71492985674836424
65004959184388996
66772024744156373
4159532151694984
16663779781503749
49399017998386087
31892548539456357
68488673556087148
55373808401388162
30765727085936322
41302553376174581
45507655586782998
64485827086284311
22742134293057021
4733285133017464
28864540805361867
58741071099161284
57100097091423436
408934423224097
51017863148152520
51204323540671595
69817338460284329
54419429862704331
44846320603450383
29974853866926823
8175784894140974
43716452378323683
8304657348899424
318005355896147
12874072841236826
37284308569715577
8977441217024425
36608426654628266
20966291817819448
54277068923045214
56375665074210467
23557166059925779
28147934478934110
70309338813767186
8725363201030474
60633055620418060
25286509736208688
48623320733330408
35445515321658835
18004480270695404
35425587644337450
69171897374421261
55201604487356053
61129444668227241
27276541005386425
63965059137798192
56240779529754100
59342912854668427
58462435595049907
57875847776839336
56324206651661881
66514709341259550
20253580805051293
46348559193224090
40808043719554948
14800142337291217
10831074117626896
34540569618314880
67030488744129337
24123527155326978
35515916857426389
44967158778304588
28230238564334914
60021765857012878
23600798892801694
39610074039667804
15259343650667588
36671655475498480
30535783752961355
35964395659427029
20381036241470518
37631109616997982
71523986304961239
18356933039391862
48367810585819465
40411537531154482
56820995669577571
43342306308122676
3050342257199174
34454945407422432
63380098535169030
14398278072324784
4267564158935326
56040335629505100
10654052153538617
49353447565507376
69904617508102874
35346078651339725
15962072736526551
16777570760181431
28431095903407567
44549439964296944
44157356183396652
4942127026063388
24653108506137885
60350996279289099
45608932669358493
13196430375349226
58810336532668771
55979741213594029
43256212620530446
9698674686691945
22941065011246116
57639364758870873
24085906177899789
23374429962331387
65671173927025645
18027801615184692
32257753560585502
16405556680571453
3623921205367364
57086055330734195
11326461864120062
38437201078089290
50792786683910016
49632601495766480
22787503301679573
28291104595448527
28325731560106431
25001509088465005
4614779520007780
20560887114747719
29122854902865456
42690477960659940
42696242981550091
8977369674477111
19471788163911687
23837844039713715
49627523909849331
63499217872110599
13279867471688540
62346804681275278
35700344742885862
30703140537034664
1822787329898392
32678431934327184
67690708346979840
58965710006903807
50633804639547462
50341528161302545
54263829393913132
51138134679881056
2950378541189013
20411759370751096
25631699615003698
11278802993290837
67206358287598044
6787397679438294
22275596386264204
42049553761321495
58097053240000607
43545527030854340
62977319271289925
3542690854557886
45353845483523901
49953653111442595
38628771709301941
39884565732277052
61240072821771098
59848307608894801
10114441830266109
70391097626818082
66599109405217136
44665761767777759
54715710303837090
71303900718772501
59470107928175959
65018804181564924
63363116407864462
59915902185156694
50368344235826302
30650426998863332
5187018329202415
793710053482057
56006915451245411
43685510232615301
65414507129586385
55897939403232751
16422980660132735
45641540066710190
21758758306221606
29860265627578401
15917865009187760
20987464867355507
53449700212786324
27922860956133067
65999092673039059
12490072956930435
25020657188512139
23838634016123354
50580753680043015
24253947487334809
4247709727327181
13611044044646901
7505990056227818
20453559648564964
60369091709615715
60513318745394859
33441514568901717
24018878640527909
26543014712914772
10411249540376641
8000351713789858
65378630011538741
32074015336187133
10843114830116591
60061422939859083
22950683624908253
71499289762741257
46878429508891351
49129081625829210
64699417405634265
30231789123900526
19040514831923530
39835157342107841
40241078769533838
59866041653103343
20652241232631918
39481233087768672
52587750999094180
43362635835198978
5317427172344706
55765343847988322
70498485598181604
26787658273107220
68635710163497089
33541897671561960
17284166795866794
53686258677793038
19306562798128539
47841327496247362
57944184894703821
36282416082320053
52232388263291380
38396154905442563
67213778593531096
41913889059005298
23843877872814145
4373573287489723
9141577977527107
3149396562827132
36570049864997361
17269972595370241
1358190916156744
24212636157410845
45991797190214892
19839750988634567
589599697502308
22490169030401337
46830341954511303
20626178773287666
48010225447410247
61298636307861167
13937270451301973
28320293733348826
778253364357513
25043059770705816
18063426072758458
28328710198554144
11773403764702778
33293588228706998
9536587154100457
67244978897607661
59486059679335017
7183333492448248
11560002870991149
22087269603540841
24785665268004766
63917421733088077
27361263980884014
5920901446678689
68117765376081366
48457557221009333
17528249960294496
54676885047867737
2944500421562364
47232550823972469
40043919653526083
44986797317463049
22501232035732859
59839275647597021
57600064931636077
5128151910501174
12777578088653944
7395271748414592
47333458678352378
61638134258699624
17001700431164407
66424163876658304
43966385447049549
67205438292564739
60079434631497942
7385624172574740
19954896371640204
18189314283954605
37614886280396031
25514780181345713
23175320865252772
43283802997035462
2328862017676109
114312662654155
41713045190742691
61276682443262105
43291783149314349
5661338086089059
11258722998911897
24662567615903665
56591881518499520
45050389997905274
58350758724585444
9761381741308262
41379697187196382
46982154647719707
37204371816016200
57309221039930244
3955332316338258
26014913469567886
19152073029476766
27148572013604038
56717416662584054
47996917271187218
64973252728260903
40553302624764543
66790687790437196
43951910415124966
66830065858417081
48287670503317419
48241092863917835
34621618468546063
50011948410571353
12901875871456398
45174198424472334
31078457170311964
71744682148776880
23086515493897579
70083717070287111
31959715133485440
61469668095573716
11403770140000603
56802926348928053
20946530370469828
19074684560939209
30447901674051381
35369183060321179
58931793851445922
6847536925606808
10055255678920880
6626302649460766
24644999329120295
11982429911960831
41796741644273824
58964593134314938
47026464823464687
33931218652865616
47302318535715632
62603302940123327
25336820825905643
19348717261145458
60783654574662426
25215182208950217



