28100718145052588
33879977142964276
29343687622907994
71405687296288265
50017130282008658
7123035561802909
70455794535360417
63896126121505339
7805334954997473
57016753991235999
71660131576843449
27628042782309730
53682409688462828
64239573042025663
12634671386009868
43909487941333003
45666682708832109
187221891923665
7990043320408968
65515327786801805
57751895131957548
45235687817845641
35374830075104356
68141489556354306
58523173331267630
13986413391110019
48413298899888175
29465568629855812
9880886843266598
40051670510498062
51381255155306673
24449991014646354
31294888564910799
68100208083371998
49867406126602774
21404512792838677
51534507594980987
54502370580591052
14359238422178011
9307105858793715
13494701645898881
61543060283434516
55820313020433221
14713775550899089
52523138007246972
69339301195791942
25356369193543781
58618328121388401
15555169777278617
34335904721657077
26828140484453774
17128848241406829
26003618935715878
31642845178733553
30977848913870955
65571056674780006
9105018554668366
6055073907269109
66402799394520790
40326759829582222
874078721377477
20109236408022814
42724503202678157
19445656680700475
28570112330369715
10505268970184272
23035531460972133
5770490267256549
22271964314634929
40754437484166642
43427823172396203
41661507166522977
55988280347647281
21934397180227492
58878285739390005
1352704114999050
49476995682152689
57072789793964029
48128383807088318
23901682677942109
10691523139426289
17100143279958741
22880269541232143
14808292058581189
39971259289681774
41368943333312933
16437519782526207
64366796519642320
67908557464448926
33762872332582542
23479304677911603
55779593079063338
1859398380259650
24894903281991148
14228343359103822
68710011057949357
605973375026000
19852807951024515
53551131220446566
55275572278377340
42239901058652208
22177303472428391
49724111271606623
48050547331908531
44510510125543448
58933483164173656
50525592992031083
17214191998496936
7753603863977050
65650362819557922
65298249296865088
52406207052735961
16735099070706170
64651014583395597
61500113638092080
65684846473126441
60780601612983313
65126560669087704
68092989753176408
52252562049272502
10314515010908437
58670392857839313
56595507049838241
36135740151702367
65346147788866499
23129633807042493
34784070571228753
21002689748201758
41230177411708655
67606617478700050
16767182645620872
33579642307831781
28563093351406667
37565481245561763
14959911739326478
20411861989833288
12027478310649949
67095135325986574
29619540998908722
66257395942446088
24730116007481432
33605629780120119
36206555945956997
19804856260605935
67093532898891812
22533085820209156
18591651754979213
10529097422561141
41863096512836812
28300646452954909
54346131109324771
53455460175800504
38420340380071852
51881539243243001
31923920263101156
70363433337645668
60837933595606805
3192456979748151
44173457195736100
12419564072825575
23533594144950867
62454376637665191
18010100757489834
40809391540943976
35962876241822750
48614638822896207
66552861897184484
14784354990013431
70817629398510726
35683431632573227
59789521282232345
7239739054877038
19494823583065153
39618472427184275
19481214155404656
19894265098210485
23881470951333262
21344706880301255
21003400102926719
52758244321153224
25944074989877247
42523101892891207
66053419772938778
34559727962262343
5674608642810714
60617705592566351
4796927096746125
53671191924386075
56570763079717688
66666302099067537
59434915168353777
3822262347740775
5915658944559224
14765693927691193
51144667689285107
48983086100688785
35208854453606087
48702022582367886
3487190830441786
12043381381274728
13561589893744248
20467566963759094
12080597370291729
22027152196039343
60607848282431994
53350608834731878
26649594826782957
55693297299732970
27077139992884197
65727891349777203
65678689842220780
28566954374461031
67090723369968125
49301027648380242
44513338812740297
17246185668361246
48481660610378561
30689715558697375
32192170602863135
64621313850090214
55422195705186457
749124025965156
14567696080616043
22816339104047146
47709958354518804
5808286842379192
20332328882877448
55801418799998796
13931237925996801
44308497410078191
49133384157880957
60625404831641665
60171233323662610
17585545786068971
25239712253510451
57022009411133112
1204823124141951
1201264064739975
4326957839072702
13386530483282972
10532909147850088
19859922530162570
20533882877988808
48431393402177881
39946233316888519
69877833877866321
5395621754041380
3863609875499197
70201257433978879
25928000322876671
11770549601905864
42006744361031794
4915303720739860
10173945338835736
33674673981520506
3560145081062081
32551453130297144
2051093303770680
20810812932543437
55860799603541689
26263172954213544
52788977254603465
10220145596798420
27663037197957127
43366961658699160
15744928416453456
11315799589989610
9803634502530435
23068852295575742
70812558940573167
24005508481769284
21696821496003129
30344482165784403
11562823019882110
12423655371678897
15890610189287275
42217201651918165
12283631082608438
26697857028130511
9096734610017439
18029229653482733
19964789050151049
6325566901336265
364525487106463
71446379442011033
55280937008858529
20060536273719950
41044243425944330
40023786412500871
36967092727907856
58768065077562498
35655955335624425
44479762887386693
35243088178704795
60505507009012750
58987533552902669
8776413045205946
23726387767026387
65704522858458496
24449598665865765
67620260021303351
55441260097982109
53111708426627823
71126755571221941
63560928422695383
10581566969877204
25378997533442795
36432722584868871
32779519540895068
70459108388933555
57701314053284682
36520384236418206
64708869266885894
57366767447237856
27155831525192624
68280697378409090
60817935004073155
33931794598409859
34065519324250824
23888599608221987
64114996567434769
56288121479678830
34192008210334412
20913530904263836
54090253643117216
58835112748188046
31479891768697144
56057247324294250
67568629321398614
69304132721923445
6391536321956543
3850010712030436
23850770477250757
50477707810128963
30842146318343974
64299958997939016
70271967244259419
7640616600697022
22997118353660673
64945016403243598
26212189511019746
48140614033470684
6892866022865464
47048294722800703
48393107210915946
19747322720463195
70887707062040854
25939152102381174
62619114273084148
9528553732251655
37445441079569194
63985891513553856
63790256437173246
16155289022310736
40464792476683807
69346642094938415
42119064477695497
3784112554251652
27838086943364724
56146954618454589
71457072016294081
21598354317736114
20028239513152063
13529562484468347
39493878866624177
71965526204689284
30410848366917751
8298690382616777
1085322027760846
39677163392279676
58050819453217550
55728003210240673
60870512197127775
47416227147687994
63749345465162072
11303230685582682
30002809929567740
68534257954749069
5335266717099432
60211066798020830
63953175855041715
22001593130567568
67926236099913814
71448561759885455
62180931969029505
31447590411939048
44332930173043826
18625462055770031
62096661944690998
38918853343781997
41366136701340162
49061617489866996
67042050555742129
16276631953095327
29272126286700547
10366075058349572
62960267484881715
18814633967699633
26867809069275601
60323465585270410
6878480249930199
27762840132654633
61161683911390617
13041784807194037
60158361538565787
67852458665087862
62470441352053832
16459913914816856
53704883789858791
29217990453411530
63469068977311458
30193497253835819
64598090709264308
8444268204724843
28680176530178475
57429613515062439
24452841359219021
38033082416163400
68023797669572236
40643440010390005
14971996774148778
65598967782534909
15704130957024173
59061635146927379
35244462319017725
11254536940313468
41973149162055754
38845777758800773
4072165264080489
1004693376567426
69174637603998258
71405412405493212
18538129237556351
71412561904854907
70380537339724605
34547882317641820
8157127579062437
23834475586252992
52382460048071265
30316111501627862
42149208613767864
11409835747433928
21844142232743401
43958695071423615
53218703547962894
64875912055841086
46635179950673556
40465503180454393
49449234429455826
67883409296511354
60531542123815329
21405131045490090
38797707206471622
19089811281464198
36430043586976809
16419062002355669
6475680679394313
58858503904797599
48763539895127155
21641700348743775
68623723736545006
32799164803318849
59232090948940837
26364799039389963
70383737228146601
53424396054822904
29043113961244457
65423364374898455
11749350883281071
4295024445757945
22817248329175661
31594424427692018
38467881656695363
60959233560154633
10425779651965767
51778047634249358
24588427899047026
56032754657842437
68619320291897607
6066344867628792
45441980610579470
69959217616596150
17042241801903029
32204732665088524
55614121033742872
14631529264021815
46964788919220981
25026237540162001
33840475027498398
67660490310125747
5561040071829238
66268028791537193
40297752049349689
36120638536280516
26461872106584087
6988276090211938
28899912827005280
15232450719161399
43728654771992788
22348500380563612
65231874957917000
46697432850540739
52324070477774908
64994301528011262
5860131127342086
7623223575194177
46679489079135877
58694383142468160
11577630089240
1615568553825001
20918364610129301
48455846442126867
35450746364148393
31370535113986857
27717384254168259
67304799274779308
26800799246389626
1255038642454123
50119591228783368
32288425992608508
21241489446875622
50406198547991557
55488469876380963
4441663770580116
43374505517800794
70287806764107003
15942571002397814
19006067928612585
71384642067834448
19191737547538377
60968102494961583
55411144639993551
54926614100574749
5322206006932921
54958951631632824
36853826777837699
20051945365934258
53806577573844154
63294281454014835
59585997935031311
47726943023406304
71203022151114853
69065413482260400
36306033782578813
69688979214842929
13461957030951508
64394187261477086
69229897877804383
10672367194623737
37270969295842910
68022133352193863
63183474718834451
54320265927595457
55923352771362811
3127859651938908
35027048386331625
55112727496634477
53711542761746160
69132007700367874
54193429409392444
63491370537492945
51435882992993629
51111633481170207
5412404451936901
67089338730235053
70064346752037711
52063844583018252
13855675027325652
72000375563314350
26545579007474182
14828179848771790
6875720610779863
40673293221041641
29385985953736017
68673447890936492
68625956665622473
60814442160947301
42035133633023146
18898599191255318
59731851645447958
5689094742083027
35698318883777160
19147048724270476
22810902598924857
33629442993180986
61318276340211749
55357896246946633
9017286698222009
1914443082532350
61431982969134396
57919949111829190
56587428550243064
9245768752261161
3741484244902603
70104474018770050
6887514235904547
25374319793212904
59315116210262881
49574314607385120
6326371205416009
11503814738408027
51598595548068016
21168787180649192
30030827444199340
7939179664870022
47246164230625533
28580978225025004
65643686630477148
34484874245814117
19309223280900156
44226043717936692
63046302708126983
46851635673008904
56837299647629117
35486595553994001
61138760304116849
5150014550516651
54475552757660187
28287870803906822
26777504412791569
70463880630917505
71765600250450032
3041669241713751
17680599410952472
48594758671486915
20499909347623097
14805277709695165
8704805036632936
50189003776637206
22235242588987118
43223539629309811
29347317240251227
28494521173565761
53517183536432668
49435696199847219
10939094489035548
21632554991557139
68929719272682012
8621064006466510
71202217472345352
40634996684163251
9502042317719062
42866594479092201
57235639869834980
27627949242688566
31201321376025250
60067840679028269
49138405997428769
38882121686999941
48894640746904953
46981825169935684
70296083283306412
28397629861035815
15181690275511919
1346723625084963
34250515659795919
53672963274401329
10378587021400173
52183096036398426
37850613332308819
15686594813482940
25955184767105159
48401523027866680
29211854581241859
70834999360789911
22431878161082883
20980290688548398
10825117294387905
20264223276796340
61298822526000668
40045644008565473
64113624987896052
58056850619873029
7168482865708619
30488816716159482
21742966523522550
51947155548118023
8063552965101232
10956295499845320
30353243403799280
7351169535751004
52401512021711098
64945044224402761
23281107377650643
49385502844778434
4121413342573156
29455502996424966
56177303277276657
39423647583557606
3996211071909131
29125265356390541
12848706239903765
48157509506097917
12763064113524923
5144106492967106
5461145463315718
38566308151016577
44272452840316871
53153390066810256
2887412159060929
1989675306196477
46510174093607065
28227884629678568
36461684762151614
66967435406059763
32382832359932298
12857709172852918
49416351831092577
39078898915925911
55913884980471536
30725651531421822
28801603255769597
30184852431231279
12085293788295771
363303273936977
6204908505968913
3060398928985878
4394217879223779
31374230450830885
63387616271529397
68355874131646145
15547391999761446
40829544484613782
58101132085989173
64735177555195237
51206952099657639
21672865180094130
69405958332149065
67526349548404246
55045359539898890
43368616220686708
22502096062763695
30220615230153286
63648546844761065
65934868881686841
41553887656992562
7679395751942882
22087055567961940
70680680674419136
62360123439124650
9298696730396949
45296850398582740
46922037451520012
52846689363405965
31997388655457373
28315449940655845
71466755041579812
62060655552718345
7978091950964129
53111266648787119
49274298768587238
2569740470679771
44374041163072397
13754256584687633
70236161168519426
47058116362897297
50254403231591514
66361963458434647
57636443264911867
45180289442751679
13068032962945952
40279470536971013
54499252243271310
46510843230976307
1373578446250407
49080137215899829
12169206279810296
242750052633792
69982198727370385
26921961214907657
64312785326902831
41035704527645776
25807137410218414
20402263373251465
45806005449025024
46628436033777876
53537950757983006
9606950897325114
57721402330365215
23795795634982291
2837763267194996
25745656846470413
17424111827976309
44297117850815505
3386038153021271
23633949835151642
29447510643444300
5348624114105057
64662883118147135
67584616003355260
36002182682381562
21906237414528638
19590594925606726
28731936450370939
63307615558817173
59129499306907327
20942009621936090
41525500129106314
49538468130502016
15564051253057810
31000902296412503
9042938091068262
34838168477388181
50438702648105298
53822760615854653
51810581097270694
7173358342361500
26846419651287578
63767419581946048
16644024808749253
48188099664657155
49209814637761494
47779141045537271
21032287843737665
48383672975772056
45897415700798327
46077832963762420
22617060481978579
4566862747365216
45441754808899118
21429923033822527
47609990173162337
28828906568757485
54711909647566582
41266784461075341
25779066358358998
10654395548845719
31112209545457942
52188110699948746
17335656134450671
7811680890484795
19481457670668920
66122765214281119
12562901517184931
69387230702336566
32263872322863914
59231808826161909
43375668848179247
48559086544714027
36989782948829795
21843320831398442
16261640554486850
36754116702391358
65989332825833970
14632692701434729
20677209248639122
55672698034539579
34007512143771828
8466411381906622
58639739878769470
8205549513046316
59227719578278637