33550426614407921
41147320470925707
212813030943790
69017284941144121
12300581196107973
52001429666925235
44912505069682468
33499526929207350
20936801446878725
65399177481731892
57302886786783094
71454109500695469
42696713679287869
68201629386655257
52390218212662835
27883475723412788
34351217461013151
22593055235603880
61123415570859859
63252585459649141
61145626707534466
53496722249426503
14699620693271309
27876738240167093
55109311702773448
8685676232487546
5673800524510300
59840396165922212
59884157372148365
38046508102310144
20928147821549633
56523876503932407
47803059794034102
44803604983135337
42164466034864936
64765429287577279
31805923413809494
20873934702328320
60033765964806119
49454809402041882
47120198403284636
20265598043284012
27351490100040398
50463073556719050
6417439150042960
28360302742583339
193160369103785
71203585455260719
8580928241680953
57395291357606965
56116252806979740
56441765097666023
71144850346276895
68441502126127118
4498565108587122
2019047380665311
5034870997519287
8199503231048929
30541878254768639
50622215194268000
30231252540926999
55797658812328645
44044099995610836
49147291134983562
44895110556584998
53540719015375371
14597935223832975
71820158692435620
8365505873907654
54053411419882414
57213091624192260
47873649814057168
45133566576563373
8546641293412808
52492534295722070
9783490607972581
11049362050312702
24639549621965862
25533816569630235
68310039013169261
15906563225787022
20450807696007580
46744493177068249
70071965830997187
8544998066277275
19004539003883795
39096909316684207
35911379270421720
27407893768100851
7898883332017315
50657261431144350
12875623153459267
43867596281844632
20712999896921206
60892430618146128
55766899336164690
18273153387680169
12797026978015250
48371971067485610
37020768296862830
35074634969279271
19839301436011626
56151366324929223
20320933996213610
36799843836937379
54175614882736013
17591001915989451
31165481408345231
36087495778905641
3203898026678865
38638547701932557
43631077248870478
18944852052979320
11069747713632889
27759765678224609
42332199752511923
52590307304032452
11180121637230678
23175363222275458
28893762709504404
44627477733206677
38003240652147021
15608661803598271
19838318425175578
63257581642957045
13374585544901408
9615049964433782
23066563443324401
53400427775467639
660523287206664
58999969923044052
45284437689973094
43161554390771338
2736448581569857
1450502841756821
68626042454281601
69784976386315026
6098262643512209
26844582406262097
24391345108289347
46120997516114414
45463135630278360
57116492839033722
62880440379813677
30068975429100228
72020344756283838
1939044083891695
58991487601176669
41803502519297529
54620609723691643
37777037855396713
53927012819019802
22888586915320734
18334800842514528
51735225291852050
22247565034311077
45081219020734293
56696444516569719
45805053713413047
13576450295000047
35999287161613688
52128470817755124
55196064891637154
31807192222755022
38206808400983052
71258889045038620
3894699865003304
16374922288786629
38098305751929548
43031843174445590
4477230698259038
39656672363061372
57179995166026944
10240063580556346
61769385683979136
11447888629934248
25950668689326352
16039501859433091
13713250061838534
68508524030307113
11197678175341597
25557741942283323
62112755518938806
7225216919742387
36760235557721825
10623013976366443
5288593499969218
14433522880497810
30999877195114948
30289205630595361
33170833878692431
5543589521473924
12481307790110537
27325037202795899
13435377687930043
27201426799849646
60341948162106290
13519353265733797
35284699060249583
14242922013151840
26139739736097031
18317106976547751
9849411591037342
25594133778259557
54590213790814340
5860844072616896
22212731893111773
44695788516448603
65105171282116087
17806219904343709
26101163974788298
64830219968399810
67575708426874676
53425880604816785
12835506055169640
22987084567762
19684616550821204
2583305016731519
26485155020161294
31411036312181141
11226514873900826
65363407137925005
22107791211630336
19250143471692628
6084161717877200
59754486168004119
47375929568373237
22067354885788211
2248461417549187
20529306741775719
25402505872480393
36248702773456944
50949399050647500
16697812875985850
14238016822124618
42266574106715818
67294227180710857
58965534586323216
36408112396351116
21702706902357649
53801616577617761
56262208197643515
17402090607466366
67076027130284998
6792309561698443
55858930829381944
50655426686954806
34781399928061406
21637852787679265
70325346035138905
17864827642652949
5443810544147530
22835189373785873
43637886099715895
19752071335208225
4151098369137517
70042726020631034
58284099885624216
37000372285161276
30164251155210907
3955137492069792
62025984221455760
40541393377780983
37205998168306974
5277123218667628
37101287567963161
21663238926262462
71395502575917657
45095991535318929
39892378818918363
29892552565122789
71961858088369447
12193090353785388
52039423395459005
51530591096326399
39818082336071822
21416705333121518
68177703063891702
30751266675908942
13941586995985645
50530360053772361
29937368698117576
60777568429028065
63840171673034141
70005954311586717
48439271718418878
12872538958154911
19376530842655853
24455170564393447
443880409425272
28941140274596943
47635628134811441
33401329487055165
58293237084002397
66181607721673083
15174257530393961
42220960959093704
6313671729583238
64218231098584940
19516045131746880
4985532525427356
33005492097180989
15356901407830123
6307517086150741
2327611949479229
68951541127785176
70018241109297266
30260310021148357
43808225781404464
27705885688062679
61426968376089539
64346728847449381
38289409394015432
60107691365332516
54685037841610208
41270845923548156
55432718039175630
58073791086676055
41117272527240904
54510233494291411
15803217381642642
3468671130598236
65748966009908417
60172075721034081
19301952996567239
23078998521357223
10293344792627622
22312649102928386
7425829777193510
16186426589262288
3358108014421201
63150255536203883
58801540740529226
51800895386439522
15391057003393823
60976089084231272
6895693739750049
58357112825214498
71584998766934865
36129153964251065
71050630714877736
58956642972709372
5645839947193307
63467436327142076
36137817800956033
47366906238549090
59280239004019552
4998263554889050
23877004093930851
17598306986200313
15059542538381946
44939446294380936
65887416221972995
41320873958869548
51736602773195259
47473773814426618
29661050929434567
64426231748432477
65546845657227865
66713950341731604
34830629999739391
11989406092150811
2373514605717666
48273201806318227
51034820477701622
71246376598133894
24973324490266507
58181925180369044
71526195151123270
60351087918505482
63659563281091850
46339256285972502
67561118055502649
45252975928417003
18665679634683740
37256401991342781
8046915287596536
12253574954132925
24349965416015750
23219071099576895
10925647990869519
53842081384595782
38733385971316750
45342698235834230
4300391363245682
48272064323194836
19011259522997538
10179978108591088
10037611053902482
57390183244197066
13080756232940901
64728609063815494
51471132295320706
29210639607960551
42428583277696593
48296011866796302
61920640590239807
45430054958562777
33032903891884788
52495941518169032
50875058592972362
37686135123995896
55107325962003181
27144931868280687
15022360622752525
7720461694096708
13052981336564366
69797638162454732
12246033998625213
66462952147680418
46778550303745262
20528795995601804
32950809689326782
18208902290430498
23460714579655189
66131915353338047
17807910634062031
35204026424743292
62601021876108916
6503819370387370
36094172648395996
37216294451177955
29330575604369671
31268708988007815
51310452064465064
29847388303109337
58316490150244880
44733989269105291
6107987252549126
34866726666719900
20641710917111175
17052062473688851
20268769408830020
6345736148041242
48320365151770222
63326807012916689
38120637521115273
61808063716156910
33112610851140392
2689553347704692
13869724696925249
25146366534457411
14268625438382894
